Eigvals	6
1.01315832129	0.159682259409	0.000258068671482	0.0	0.0	0.0

Proportion explained	6
0.863659950367	0.136120060742	0.000219988891488	0.0	0.0	0.0

Species	0	0

Site	6	6
D1af	-0.534116229333	0.178381138733	-0.000284319549326	-0.0	0.0	0.0
D3af	-0.532189781329	-0.277804352895	-0.000239682733982	-0.0	0.0	0.0
D5bf	0.206712941028	-0.02760784789	0.00250980663998	-0.0	0.0	0.0
D1bf	-0.0355681873104	0.214670747252	-0.000193827567088	-0.0	0.0	0.0
C12	0.447717742813	-0.0445581054379	-0.0120760621235	-0.0	0.0	0.0
C11	0.447443514131	-0.0430815797627	0.0102840853339	-0.0	0.0	0.0

Biplot	0	0

Site constraints	0	0
