Eigvals	6
0.959147099301	0.203747965492	0.0441239636345	0.0	0.0	0.0

Proportion explained	6
0.794641241531	0.16880261263	0.0365561458397	0.0	0.0	0.0

Species	0	0

Site	6	6
D1af	-0.515678160003	0.261266502927	-0.0121902297041	-0.0	0.0	0.0
D3af	-0.549396307681	-0.29728350049	0.0534175873341	-0.0	0.0	0.0
D5bf	0.104911252749	-0.0638259183214	-0.184163937547	-0.0	0.0	0.0
D1bf	0.099338175819	0.195923559133	0.0577361035878	-0.0	0.0	0.0
C12	0.431533587913	-0.0522096381687	0.0315877642437	-0.0	0.0	0.0
C11	0.429291451204	-0.0438710050802	0.0536127120861	-0.0	0.0	0.0

Biplot	0	0

Site constraints	0	0
