Eigvals	6
0.74081827572	0.261037388538	0.0701480610757	0.0238099113786	0.0	0.0

Proportion explained	6
0.676044037874	0.238213305431	0.0640145903697	0.0217280663253	0.0	0.0

Species	0	0

Site	6	6
D1af	-0.391858111236	0.0958010005908	0.136887051777	0.000962556538315	-0.0	0.0
D3af	-0.450540526569	0.0578384635072	-0.187358833101	0.0285851296773	-0.0	0.0
D5bf	-0.0500957091457	-0.444090495072	0.0459169588933	0.000874005469737	-0.0	0.0
D1bf	0.0204451084935	0.198146902797	0.0661323938507	-0.0742531823404	-0.0	0.0
C12	0.459648871756	-0.0162004820601	-0.0937526821466	-0.0689604794651	-0.0	0.0
C11	0.412400366701	0.108504610237	0.0321751107268	0.11279197012	-0.0	0.0

Biplot	0	0

Site constraints	0	0
