Eigvals	6
0.791765431767	0.277011495025	0.142957334247	0.104220018862	0.0445864542296	0.0

Proportion explained	6
0.581949082379	0.203603970154	0.105073909704	0.0766019099963	0.0327711277664	0.0

Species	0	0

Site	6	6
D1af	-0.39533168256	0.142522319213	0.217350507034	-0.154974634486	0.00873558155761	0.0
D3af	-0.39691126222	0.0946570416429	-0.289608268396	-0.0148042486295	0.0242735953011	0.0
D5bf	-0.118367926413	-0.470522686182	0.0334429457198	0.0246818959169	0.0110814819566	0.0
D1bf	-0.0492114844846	0.136313464335	0.0791987963232	0.246472527257	-0.0779935073355	0.0
C12	0.500857884224	0.00940884218718	-0.0628348637797	-0.132807539302	-0.11932118564	0.0
C11	0.458964471453	0.0876210188044	0.0224508830988	0.0314319992436	0.15322403416	0.0

Biplot	0	0

Site constraints	0	0
