Eigvals	6
0.919829712787	0.304389208658	0.103785700644	0.011001454029	0.000619781757091	0.0

Proportion explained	6
0.686631799006	0.227219567963	0.0774736468645	0.00821233329017	0.000462652876882	0.0

Species	0	0

Site	6	6
D1af	-0.489950534868	0.210012319321	0.0588725373807	-0.0651121467595	0.00232211255869	-0.0
D3af	-0.483951485891	-0.399996019534	-0.00842444219875	0.0237318004993	-0.00086308488638	-0.0
D5bf	0.136285825277	0.087839692389	-0.285904126617	-0.00112523674207	0.000224579926428	-0.0
D1bf	-0.0796136499926	0.277759971597	0.082210310328	0.0738277615512	-0.00277492839465	-0.0
C12	0.459534520967	-0.0882092309738	0.0747622827243	-0.0269818677489	-0.0168511565603	-0.0
C11	0.457695324508	-0.0874067327987	0.078483438383	-0.00434031079998	0.0179424773562	-0.0

Biplot	0	0

Site constraints	0	0
