Eigvals	6
0.537993198575	0.256781758142	0.200961452215	0.17586005967	0.0651561988911	0.0

Proportion explained	6
0.435004680172	0.207625796888	0.162491221969	0.142195011414	0.0526832895564	0.0

Species	0	0

Site	6	6
D1af	-0.34441505913	0.126779813004	0.208489826075	0.240990480837	0.0155416843191	-0.0
D3af	-0.231582960326	0.100808708018	-0.371446994417	0.0184013956409	-0.0190701139507	-0.0
D5bf	-0.22795626554	-0.405289508368	0.0522582674813	-0.119620254712	-0.0117082180516	-0.0
D1bf	0.01203758917	0.248411053101	0.119092130022	-0.300110685373	0.0255602884157	-0.0
C12	0.401694591903	-0.0675935808379	-0.0400539002765	0.0905449831882	0.173314069043	-0.0
C11	0.390222103923	-0.00311648491681	0.0316606711153	0.0697940804185	-0.183637709775	-0.0

Biplot	0	0

Site constraints	0	0
