Eigvals	6
0.1421037736	0.0434342549348	0.0128564718635	2.75793276031e-05	0.0	0.0

Proportion explained	6
0.716169157164	0.218898294962	0.0647935546349	0.000138993239266	0.0	0.0

Species	0	0

Site	6	6
D1af	-0.140840507297	0.111155705883	0.0178136288927	0.000717380054491	-0.0	0.0
D3af	-0.252587134258	-0.125072105931	-0.000331307256675	-0.000169872355402	-0.0	0.0
D5bf	0.0287163591717	0.053427870784	-0.0954584693523	-0.0003199371947	-0.0	0.0
D1bf	0.0273953058603	0.0764864683578	0.0565325995492	-0.00078948900292	-0.0	0.0
C12	0.169463790879	-0.0592547854551	0.0113811915569	-0.00333513726145	-0.0	0.0
C11	0.167852185644	-0.0567431536381	0.0100623566102	0.00389705575998	-0.0	0.0

Biplot	0	0

Site constraints	0	0
