	sequences per sample	iteration	T1	TS4	T9	T2	MN15	MN12	SM2	MN13	MT213	TL1	SM4	MT210	MT209	TS6	TS8	TL2	SM5	TL3
alpha_rarefaction_10_0.txt	10	0	1.34785	0.39511	1.73123	1.8023	1.38412	1.15151	0.01165	1.28986	0.95856	1.60024	0.85846	0.15612	0.93059	0.16319	0.45562	1.87225	0.02085	2.2961
alpha_rarefaction_10_1.txt	10	1	1.5216	0.41353	1.3815	1.75002	1.42206	1.76993	0.16319	1.17013	0.74135	1.65257	0.36188	0.02085	0.66266	0.21801	0.37439	1.16747	0.01165	1.93786
alpha_rarefaction_10_2.txt	10	2	1.15548	0.49899	1.0883	1.69449	0.83127	1.12462	0.02645	1.31229	1.0632	2.057	0.50127	0.01165	0.81142	0.83673	0.88503	1.34029	0.03565	1.74988
alpha_rarefaction_10_3.txt	10	3	1.87857	0.36847	1.32009	1.80331	1.39325	1.11924	0.69664	1.54139	1.41809	1.97245	0.6166	0.23085	0.28277	0.36537	0.37094	1.53338	0.08475	1.46276
alpha_rarefaction_10_4.txt	10	4	1.19181	0.35341	1.89803	1.9752	1.53914	1.12767	0.56178	1.15816	0.02085	1.52144	1.03716	0.02085	1.17872	0.16319	0.15667	1.71207	0.01165	1.50495
alpha_rarefaction_10_5.txt	10	5	1.00332	0.38383	0.91185	1.70183	1.30444	1.37354	0.57625	1.31096	0.28978	1.62873	1.39188	0.01165	1.48383	0.39539	0.35751	1.73473	0.02085	1.49385
alpha_rarefaction_10_6.txt	10	6	0.95901	0.36014	1.86031	1.35626	1.3495	1.16597	0.16319	1.79824	0.94438	1.79891	0.06249	0.23085	1.04571	0.17079	0.88571	1.68136	0.01165	2.05336
alpha_rarefaction_10_7.txt	10	7	1.86153	1.04087	1.18751	1.69192	1.47048	1.28079	0.02645	1.43852	0.94438	1.49899	1.43148	0.56213	0.63258	0.16319	0.44065	1.52708	0.02085	2.10284
alpha_rarefaction_10_8.txt	10	8	0.45402	0.55552	1.37528	1.89357	1.27646	1.23818	0.02645	1.35828	0.95358	1.43831	0.80331	0.57022	0.55301	0.45174	1.10332	1.78009	0.02085	1.53317
alpha_rarefaction_10_9.txt	10	9	1.42546	1.07178	1.17905	1.76908	0.82001	1.50238	0.91379	1.50818	0.56549	1.89941	0.61313	0.02645	0.56178	0.16319	0.36935	1.58226	0.10738	1.94256
alpha_rarefaction_798_0.txt	798	0	7.35448	5.21852	6.42729	7.70816	5.02859	5.1129	2.20443	4.149	4.79842	7.29194	5.07936	3.01959	4.34335	3.48329	3.82187	7.20032	1.6892	8.16099
alpha_rarefaction_798_1.txt	798	1	6.2032	4.93311	7.08402	7.55691	5.08191	5.07243	3.39076	3.75939	4.65185	6.49475	5.63747	2.74467	4.07105	3.11509	3.55504	6.82094	1.54103	7.47476
alpha_rarefaction_798_2.txt	798	2	6.23718	5.14507	6.30002	6.99873	4.57307	4.88925	3.16479	3.76385	5.02098	6.94643	5.50775	2.83949	4.53297	2.89166	4.00742	6.76219	1.71876	7.98695
alpha_rarefaction_798_3.txt	798	3	6.55149	4.71011	6.78733	7.52216	4.6959	4.65064	2.79353	3.83098	4.84699	6.98674	5.33849	2.48678	4.57776	3.7175	3.94609	6.35286	1.93884	7.5409
alpha_rarefaction_798_4.txt	798	4	6.29934	5.27041	6.80377	7.88285	4.74671	5.26232	2.27584	3.86959	4.78028	7.17209	4.62489	2.73012	4.38607	3.11173	3.02922	7.24318	1.88796	7.10032
alpha_rarefaction_798_5.txt	798	5	5.95504	4.86398	6.12734	7.05634	4.92811	4.65327	2.77527	4.28629	4.91084	6.55829	5.44093	3.16616	4.30076	3.01594	3.3759	7.2364	1.3533	7.95535
alpha_rarefaction_798_6.txt	798	6	6.40386	5.01384	5.98399	7.37562	4.36274	4.70106	3.38499	4.29434	4.6774	6.9382	5.24968	2.94683	3.74952	2.41971	3.5769	7.39819	1.56716	7.78922
alpha_rarefaction_798_7.txt	798	7	6.09138	4.98158	6.27473	8.0727	4.50577	5.23544	3.32442	3.9585	4.87392	6.98736	4.88642	3.16403	4.5297	2.56993	3.82422	6.84831	2.22703	8.07491
alpha_rarefaction_798_8.txt	798	8	6.40214	5.35373	5.8675	7.49761	4.68426	4.7044	3.1839	4.08275	4.73995	7.02517	5.2247	2.70991	4.8138	2.74735	3.19268	6.14548	1.56749	7.19336
alpha_rarefaction_798_9.txt	798	9	6.52496	5.01674	6.54885	7.26508	4.27598	4.8224	2.58323	3.9889	4.85187	6.09436	5.09385	3.11567	4.50422	3.5198	2.66632	6.86266	2.04679	7.92112
alpha_rarefaction_1586_0.txt	1586	0	6.93454	6.47723	7.75642	8.54644	5.69816	5.89515	2.98265	4.40819	5.73101	7.83868	6.25057	3.56058	4.54099	3.93761	4.70721	8.15723	2.45359	8.56621
alpha_rarefaction_1586_1.txt	1586	1	7.51699	6.11604	7.39124	8.58256	5.49149	5.25382	3.63248	4.30081	5.47286	7.60949	6.51009	3.79373	4.84028	3.67666	5.147	8.15624	2.39405	8.70177
alpha_rarefaction_1586_2.txt	1586	2	7.52006	5.98222	6.99874	8.77306	6.08272	5.74084	3.28539	4.33258	5.64583	7.48458	6.25041	3.27969	4.92553	4.2612	4.18128	7.43651	2.48226	8.12472
alpha_rarefaction_1586_3.txt	1586	3	7.87814	5.82838	6.99371	8.44169	5.43167	6.00839	3.50492	4.52136	5.60521	8.46359	6.47217	3.34521	5.09086	3.62723	3.87461	7.793	2.43357	8.23338
alpha_rarefaction_1586_4.txt	1586	4	7.69475	6.28835	7.73756	8.38135	5.47214	5.98261	3.48068	4.80124	5.22577	8.22569	6.82394	3.38872	5.23216	4.16709	4.29735	8.18558	2.09444	8.30299
alpha_rarefaction_1586_5.txt	1586	5	7.58879	6.35083	7.58666	8.54248	5.67758	5.26487	3.75625	4.67259	5.64367	7.77785	6.16734	3.3614	4.98897	4.22861	5.19869	8.17557	2.09617	8.30848
alpha_rarefaction_1586_6.txt	1586	6	7.8318	6.27819	7.53689	8.57453	5.52378	5.00917	3.42292	4.50163	5.43307	7.70033	6.56338	4.20085	5.23127	4.17411	3.70556	8.54542	2.48375	8.72863
alpha_rarefaction_1586_7.txt	1586	7	7.67469	6.28749	8.09199	8.42274	5.1039	5.82632	3.83658	4.48314	5.13139	7.78283	6.20378	3.34658	5.00062	4.39104	4.41221	8.37881	2.59562	8.43445
alpha_rarefaction_1586_8.txt	1586	8	6.83113	5.59958	7.92635	8.16968	5.7817	5.54441	3.91788	4.37342	6.05726	7.81588	6.40906	3.1869	4.90017	3.89462	4.40728	7.66282	2.58852	8.3448
alpha_rarefaction_1586_9.txt	1586	9	7.17721	6.4569	7.10818	8.20118	5.34698	5.98627	3.74674	4.14397	5.47378	8.00806	6.41312	3.88673	4.68839	4.06877	4.31471	7.74779	1.83582	8.48495
alpha_rarefaction_2374_0.txt	2374	0	8.48517	6.87283	8.48802	8.77308	6.23132	5.8449	3.93033	4.8913	5.96648	8.44339	6.93431	3.85809	5.39376	3.89838	4.43218	8.79668	2.87038	9.01735
alpha_rarefaction_2374_1.txt	2374	1	7.9209	6.71859	8.278	8.97295	5.58341	6.11027	4.13529	4.57424	6.08266	8.5789	7.25633	3.94163	5.38172	4.30565	5.21986	8.97505	1.98267	8.723
alpha_rarefaction_2374_2.txt	2374	2	8.41936	6.41806	8.45853	9.06891	5.70811	6.01493	4.12695	4.92714	6.23703	8.45662	7.10624	4.20785	5.11068	4.14832	4.79869	8.10688	2.92153	8.90938
alpha_rarefaction_2374_3.txt	2374	3	7.54354	6.95567	8.52436	9.04431	5.82352	6.25157	4.16115	4.81361	5.39733	8.10278	7.19877	3.91871	5.0678	4.4414	4.7359	8.55149	2.08458	8.88
alpha_rarefaction_2374_4.txt	2374	4	7.94298	6.98776	8.13487	8.84894	6.18721	6.26498	4.43188	4.76362	6.17141	8.58148	7.25609	4.01828	5.30057	4.61472	4.64562	8.80308	2.7383	8.81189
alpha_rarefaction_2374_5.txt	2374	5	8.18109	6.33028	8.71024	9.0699	5.86884	6.42468	3.78246	5.18042	6.04146	8.31815	7.2561	3.92096	5.33227	3.8992	4.76053	8.68375	2.69382	8.75273
alpha_rarefaction_2374_6.txt	2374	6	7.89491	6.83019	8.20814	8.71475	5.66496	6.11638	4.15825	4.72445	6.45221	8.3784	6.93763	3.72236	5.47769	4.22804	4.2682	8.57125	3.03312	8.88136
alpha_rarefaction_2374_7.txt	2374	7	8.08973	6.46792	7.64337	9.19025	5.82331	5.99266	4.11208	4.88847	6.05267	8.38941	6.76612	4.20226	5.27985	4.02801	5.35977	8.57255	2.75265	8.96759
alpha_rarefaction_2374_8.txt	2374	8	7.80245	6.41862	7.82339	8.77997	6.24217	6.5395	4.05403	5.09808	5.55334	8.60512	6.98069	4.30848	5.03301	4.39053	5.17213	9.37939	2.48415	8.78463
alpha_rarefaction_2374_9.txt	2374	9	8.66126	6.39485	8.24876	9.13643	5.55036	6.44816	4.45252	4.66293	6.17674	8.5548	7.18028	3.47128	5.46661	4.66482	4.80775	8.22269	2.5564	8.84655
alpha_rarefaction_3162_0.txt	3162	0	8.78803	7.13956	8.13288	9.49215	6.21797	6.65206	4.94878	5.10739	6.87905	8.48412	7.58881	4.19906	5.32489	4.53711	5.32833	9.1154	2.70567	9.0889
alpha_rarefaction_3162_1.txt	3162	1	8.26478	7.19379	8.45464	9.07472	6.22881	6.54843	4.25635	5.07261	6.18714	8.86257	7.46431	4.57387	5.42927	4.47528	5.01928	9.17459	2.81525	9.11153
alpha_rarefaction_3162_2.txt	3162	2	8.80869	7.14762	8.16958	9.09162	6.24655	6.1237	3.86631	4.58367	6.10199	8.58643	7.05647	4.27585	5.54822	5.02131	5.1474	8.81248	2.92778	8.94991
alpha_rarefaction_3162_3.txt	3162	3	8.74002	7.50809	8.54812	9.29699	6.08209	6.57466	4.10511	5.15193	6.05812	8.65485	7.4818	4.3597	5.67681	4.72928	5.64204	8.98999	2.48053	9.08546
alpha_rarefaction_3162_4.txt	3162	4	8.13831	6.74892	8.38334	8.95295	6.43695	5.95425	4.3311	5.18274	6.38893	8.64547	7.09734	3.85166	5.35633	5.10988	5.84877	9.53022	2.03818	9.1289
alpha_rarefaction_3162_5.txt	3162	5	8.54292	7.11722	8.59905	9.28934	5.8691	6.54237	4.87517	5.38568	6.39983	8.54455	7.38874	4.08258	5.60491	4.74565	5.76949	9.15054	3.08708	9.07397
alpha_rarefaction_3162_6.txt	3162	6	8.14489	6.95212	8.82246	8.86417	6.23738	6.75426	4.5801	5.1771	6.51285	8.37584	7.20346	4.26916	5.42107	4.70848	5.65227	9.18065	2.694	9.24979
alpha_rarefaction_3162_7.txt	3162	7	7.88932	7.55629	8.59529	8.87829	6.59768	6.80645	4.24605	4.77847	6.42426	8.63222	7.08648	4.02647	5.44676	4.81719	5.05404	8.45022	2.96684	8.78582
alpha_rarefaction_3162_8.txt	3162	8	8.52142	6.70477	8.59868	9.57922	6.16383	6.81902	4.83754	4.65241	6.35456	8.61261	7.64606	4.18244	5.46857	4.63505	5.19051	9.47044	2.88013	8.99666
alpha_rarefaction_3162_9.txt	3162	9	8.45263	7.05213	8.42727	9.37767	5.95365	6.74078	4.38906	5.21519	6.57806	8.69204	7.28097	4.12095	5.46963	4.47112	5.08803	9.0672	3.1151	9.11795
alpha_rarefaction_3950_0.txt	3950	0	9.14456	7.2756	8.7719	9.27146	6.61017	6.59223	4.86399	5.19085	5.72312	8.77613	7.48481	3.94856	5.47931	5.22016	5.48781	8.88492	2.84963	9.00245
alpha_rarefaction_3950_1.txt	3950	1	8.50239	7.60532	9.03722	9.3391	6.45415	6.49224	4.74525	5.13437	6.63637	8.82231	7.72693	4.68901	5.47635	5.53244	5.51498	9.53747	3.15926	9.21308
alpha_rarefaction_3950_2.txt	3950	2	8.38933	7.44895	8.64246	9.46107	6.47371	6.60636	4.56695	5.3234	6.39972	8.57521	7.33016	4.34814	5.60148	5.18406	5.31399	9.42461	3.1742	8.92097
alpha_rarefaction_3950_3.txt	3950	3	8.62301	6.84139	8.6454	9.55063	6.67104	6.60337	4.84844	5.20263	6.4257	8.68084	7.56351	3.73635	5.58538	3.97542	5.83311	9.51924	3.05862	9.19889
alpha_rarefaction_3950_4.txt	3950	4	9.0866	6.71696	8.60843	9.3477	6.74517	6.64583	4.20388	5.59469	6.85418	8.87609	7.49721	4.46643	5.80247	5.40732	5.6665	9.12105	3.15674	9.02617
alpha_rarefaction_3950_5.txt	3950	5	8.54262	7.84157	8.81961	9.36341	6.98517	6.71226	5.04118	5.27252	6.76085	8.82152	7.60283	4.64802	5.83249	5.30727	5.58184	9.49362	2.89602	9.09866
alpha_rarefaction_3950_6.txt	3950	6	8.84905	7.57291	8.89469	9.339	6.56472	6.64265	4.90259	5.15125	6.35077	8.88222	7.77497	4.15025	5.51199	5.03536	5.62193	9.4616	3.03994	9.12306
alpha_rarefaction_3950_7.txt	3950	7	8.53191	7.19311	8.63768	9.4026	6.71107	6.59089	4.74707	5.39397	6.36844	9.05857	7.33807	3.7469	5.4858	4.4256	5.57383	9.00623	2.9681	9.29899
alpha_rarefaction_3950_8.txt	3950	8	8.71189	7.4082	8.84527	9.58064	6.51168	6.83373	4.76148	5.11902	6.67933	8.83841	7.61041	4.28593	5.59751	5.06029	5.8655	9.19026	3.06887	9.32367
alpha_rarefaction_3950_9.txt	3950	9	8.64727	7.34359	8.791	9.58221	6.39299	6.92815	4.66968	5.33696	6.20078	8.88565	7.76927	4.14477	5.52276	4.86881	5.31507	9.6448	2.98086	8.99955
alpha_rarefaction_4738_0.txt	4738	0	8.8057	6.91081	8.35747	9.69598	6.51814	6.99305	4.90417	5.09184	7.1031	8.99479	7.67658	4.20658	5.63603	4.7106	6.54051	9.67406	3.21128	9.11112
alpha_rarefaction_4738_1.txt	4738	1	8.92866	7.70484	9.10399	9.6598	6.17738	6.91351	4.69834	5.53001	6.90171	9.0401	7.70949	4.35467	5.52808	5.62281	6.01754	9.80145	3.25551	9.17759
alpha_rarefaction_4738_2.txt	4738	2	9.23577	8.1576	9.0649	9.53149	6.61275	6.88835	5.00178	5.34034	7.07698	8.82553	7.74237	4.72857	5.77514	6.15915	6.11356	9.48767	3.0758	9.13134
alpha_rarefaction_4738_3.txt	4738	3	9.11825	7.60913	8.95179	9.44961	6.47905	7.11883	4.98912	5.55123	6.84502	8.96564	7.63013	4.1863	5.58147	4.31975	5.94675	9.32281	3.11316	9.18311
alpha_rarefaction_4738_4.txt	4738	4	9.08136	7.49446	8.65149	9.4719	6.36919	7.07162	4.9723	5.40022	6.76757	8.95663	7.47036	4.74766	5.77368	5.66733	5.69262	9.57377	3.03212	9.05117
alpha_rarefaction_4738_5.txt	4738	5	9.34694	7.51587	8.77194	9.4464	6.58314	6.72997	5.17214	5.28518	6.48452	9.10258	7.75759	4.36513	5.58103	5.81077	6.14192	9.91687	3.32293	9.2156
alpha_rarefaction_4738_6.txt	4738	6	9.29716	7.70784	8.94036	9.55971	6.76135	7.31987	4.76985	5.07292	6.55924	9.218	7.74957	4.62747	5.71039	5.49597	6.18614	9.24252	2.86505	9.01456
alpha_rarefaction_4738_7.txt	4738	7	8.72161	7.38	9.04751	9.56145	7.02995	6.8442	4.63371	5.65864	6.70462	9.18274	7.78408	3.98891	5.46422	5.10926	6.28825	9.57383	3.38137	9.27552
alpha_rarefaction_4738_8.txt	4738	8	8.98662	7.4175	9.20401	9.49903	6.69514	7.12472	5.06589	5.52618	6.64902	9.15583	7.68526	4.90839	5.66432	5.65697	6.08032	9.91782	3.02095	9.22446
alpha_rarefaction_4738_9.txt	4738	9	8.82308	7.86505	8.92821	9.63434	6.67347	6.69318	4.9327	5.45516	6.66244	8.89684	7.58041	4.5831	5.72531	5.20292	5.61663	9.78716	3.282	9.26275
alpha_rarefaction_5526_0.txt	5526	0	9.20885	8.19107	8.95292	9.70553	6.69095	7.25385	5.08963	5.78081	6.98435	9.12766	7.53794	4.53774	5.65889	6.10352	6.72094	9.79755	3.04693	9.19145
alpha_rarefaction_5526_1.txt	5526	1	9.33837	7.53139	8.99171	9.72669	6.69957	7.17461	5.17063	5.40392	6.88962	9.25114	7.7181	4.3878	5.52878	6.03013	6.28599	9.79057	3.0975	9.28648
alpha_rarefaction_5526_2.txt	5526	2	8.78497	7.58588	9.15106	9.67156	6.78468	7.10118	4.87558	5.37145	6.97232	8.76555	7.84309	4.8414	5.77927	5.62092	6.14653	9.53911	3.36469	9.26172
alpha_rarefaction_5526_3.txt	5526	3	8.95446	7.97472	8.98179	9.42835	7.12565	7.06701	4.65311	5.44698	6.77321	8.97605	7.83007	5.00709	5.85933	5.47815	6.26369	9.86769	3.17527	9.31742
alpha_rarefaction_5526_4.txt	5526	4	9.15923	8.15984	8.9273	9.50431	6.80637	7.35804	4.73111	5.6914	6.49761	8.95827	7.4316	5.08755	5.7046	5.88525	6.51429	9.97002	3.4314	9.23634
alpha_rarefaction_5526_5.txt	5526	5	8.70335	7.7803	9.01813	9.66594	6.66736	7.03766	5.08677	5.43984	7.01029	9.29087	7.87927	4.74319	5.60276	5.98579	6.35459	9.7376	3.26268	9.21534
alpha_rarefaction_5526_6.txt	5526	6	9.1493	7.7694	8.96678	9.79025	6.85033	7.07613	5.20939	5.69601	6.95457	9.20649	7.78278	4.45791	5.75414	5.73091	6.27038	9.66385	3.00295	9.15408
alpha_rarefaction_5526_7.txt	5526	7	8.98937	7.61961	8.85905	9.42306	6.68076	7.02299	5.30613	5.45949	7.14939	9.28157	7.87303	4.96608	5.72185	5.74855	6.23839	10.10034	3.07706	9.30482
alpha_rarefaction_5526_8.txt	5526	8	9.093	7.97026	8.97091	9.61412	7.0888	7.09031	4.5614	5.73507	6.72641	9.09702	7.90943	5.04883	5.74222	5.16851	6.10941	9.71817	3.02305	9.29899
alpha_rarefaction_5526_9.txt	5526	9	9.31615	7.76871	9.00391	9.58794	6.95169	7.18813	5.03395	5.57806	6.83683	8.84715	7.81704	4.97664	5.78281	5.69923	6.1024	9.75113	3.25991	9.16483
alpha_rarefaction_6314_0.txt	6314	0	9.01882	8.14864	9.02011	9.67271	7.02339	7.3758	4.94055	5.78269	6.85714	9.19715	7.92046	5.07127	5.86024	5.54547	6.62231	9.8143	3.3242	9.20806
alpha_rarefaction_6314_1.txt	6314	1	9.24052	7.99018	8.96668	9.81438	7.13468	7.18593	4.94435	5.69518	6.93872	9.14678	7.84846	5.12192	5.79089	5.61167	6.55347	9.7544	3.4476	9.24061
alpha_rarefaction_6314_2.txt	6314	2	9.30521	7.6153	8.94355	9.76831	6.93223	7.35733	5.32629	5.65023	7.15341	9.2216	7.92714	5.10618	5.5489	6.08188	6.72778	9.63701	3.26158	9.30909
alpha_rarefaction_6314_3.txt	6314	3	9.39226	7.93056	9.29004	9.73495	7.19305	7.11339	4.94981	5.62503	6.94546	9.0777	7.91257	4.70733	5.91416	5.62823	6.66153	9.98332	3.51493	9.20935
alpha_rarefaction_6314_4.txt	6314	4	9.25656	8.19004	9.06281	9.70035	7.25334	7.21369	5.0214	5.72028	6.98018	9.17938	7.91435	5.09398	5.79734	6.03043	6.44752	9.61741	3.25389	9.35942
alpha_rarefaction_6314_5.txt	6314	5	9.34412	8.13359	8.89959	9.67879	7.21808	6.9115	5.12145	5.5997	7.03242	9.12896	7.88485	4.96757	5.91416	6.23588	6.77976	10.2341	3.36693	9.29262
alpha_rarefaction_6314_6.txt	6314	6	9.20294	8.12159	8.93085	9.72363	7.26017	6.92798	5.17015	5.46358	7.07655	9.1606	7.90342	5.12378	5.71264	5.6752	6.67456	9.97944	3.1749	9.20052
alpha_rarefaction_6314_7.txt	6314	7	9.48837	8.05391	9.13428	9.78304	7.02739	7.35684	4.89981	5.55079	7.1059	9.15193	7.72685	4.87753	5.81105	6.04485	6.71143	10.22312	3.4128	9.09649
alpha_rarefaction_6314_8.txt	6314	8	9.45835	8.18667	9.0213	9.85468	7.06194	7.19754	5.20829	5.48402	7.11669	9.29743	7.87016	4.85748	5.82014	5.99973	6.32707	9.93513	3.43349	9.33392
alpha_rarefaction_6314_9.txt	6314	9	9.1633	7.99814	9.12848	9.78842	7.05427	6.88705	4.91077	5.59176	7.0404	9.23941	7.94582	4.68258	5.6699	5.93048	6.73297	9.91896	3.48918	9.32795
alpha_rarefaction_7102_0.txt	7102	0	9.39159	8.06462	9.22628	9.73737	7.08641	7.4075	5.32629	5.70982	6.90792	9.28813	7.89611	5.21354	5.88461	6.13632	6.78969	10.25618	3.51493	9.35942
alpha_rarefaction_7102_1.txt	7102	1	9.53966	8.15495	9.14782	9.79153	7.25686	7.19529	5.32629	5.60725	7.20177	9.12136	7.94582	5.00006	5.87313	6.12301	6.71856	10.17244	3.47335	9.29449
alpha_rarefaction_7102_2.txt	7102	2	9.32813	8.20482	9.27173	9.73346	7.23	7.2981	5.32629	5.82697	7.20177	9.08591	7.9343	5.20226	5.7744	5.60315	6.7163	10.10795	3.45479	9.30087
alpha_rarefaction_7102_3.txt	7102	3	9.41058	8.05979	9.12641	9.81067	7.25413	7.4075	5.16778	5.73084	7.09447	9.30156	7.94582	5.21368	5.82014	6.10422	6.41566	10.25618	3.51493	9.31159
alpha_rarefaction_7102_4.txt	7102	4	9.37698	8.1742	9.27173	9.72197	7.02763	7.40735	5.24887	5.67458	7.17969	9.20893	7.9439	5.14753	5.90975	5.8846	6.75302	10.21734	3.40642	9.3529
alpha_rarefaction_7102_5.txt	7102	5	9.43759	8.11744	9.07572	9.80957	7.25512	7.23678	5.27695	5.82697	7.20177	9.20237	7.90786	5.02422	5.91402	5.98706	6.85119	10.25531	3.44436	9.30522
alpha_rarefaction_7102_6.txt	7102	6	9.4337	7.89325	9.30784	9.85117	7.09504	7.4075	5.0677	5.73953	7.20177	9.28813	7.85571	5.14699	5.91416	6.01379	6.69433	10.21191	3.29854	9.3308
alpha_rarefaction_7102_7.txt	7102	7	9.46037	8.1636	9.27134	9.85117	7.12878	7.33067	5.15746	5.82157	7.18146	9.11991	7.87113	5.14753	5.77162	6.10347	6.49392	10.0457	3.47298	9.34522
alpha_rarefaction_7102_8.txt	7102	8	9.40573	8.11351	9.24639	9.81525	7.23784	7.369	5.14427	5.78502	7.20177	9.14717	7.94582	5.21013	5.91416	6.1923	6.72577	10.1651	3.47008	9.29899
alpha_rarefaction_7102_9.txt	7102	9	9.23687	8.17442	9.12863	9.69369	7.15749	7.39025	5.28751	5.75014	7.11655	9.30156	7.94582	4.89099	5.91402	5.96009	6.52899	10.09722	3.36716	9.33464
alpha_rarefaction_7890_0.txt	7890	0	9.54307	8.27308	9.30784	9.85468	7.27609	7.4075	5.32629	5.82697	7.20177	9.30156	7.94582	5.21368	5.91416	6.27532	6.90636	10.25618	3.51493	9.35942
alpha_rarefaction_7890_1.txt	7890	1	9.54307	8.27308	9.30784	9.85468	7.27609	7.4075	5.32629	5.82697	7.20177	9.30156	7.94582	5.21368	5.91416	6.27532	6.90636	10.25618	3.51493	9.35942
alpha_rarefaction_7890_2.txt	7890	2	9.54307	8.27308	9.30784	9.85468	7.27609	7.4075	5.32629	5.82697	7.20177	9.30156	7.94582	5.21368	5.91416	6.27532	6.90636	10.19816	3.51493	9.35942
alpha_rarefaction_7890_3.txt	7890	3	9.54307	8.27308	9.30784	9.85468	7.27609	7.4075	5.32629	5.82697	7.20177	9.30156	7.94582	5.21368	5.91416	6.27532	6.90636	10.25618	3.51493	9.35942
alpha_rarefaction_7890_4.txt	7890	4	9.54307	8.27308	9.30784	9.85468	7.27609	7.4075	5.32629	5.82697	7.20177	9.30156	7.94582	5.21368	5.91416	6.27257	6.90636	10.25618	3.51493	9.35942
alpha_rarefaction_7890_5.txt	7890	5	9.54307	8.27308	9.30784	9.85468	7.27609	7.4075	5.32629	5.82697	7.20177	9.30156	7.94582	5.21368	5.91416	6.27532	6.90636	10.25618	3.51493	9.35942
alpha_rarefaction_7890_6.txt	7890	6	9.54307	8.27308	9.30784	9.85468	7.27609	7.4075	5.32629	5.82697	7.20177	9.30156	7.94582	5.21368	5.91416	6.27532	6.90636	10.25618	3.51493	9.35942
alpha_rarefaction_7890_7.txt	7890	7	9.54307	8.27308	9.30784	9.85468	7.27609	7.4075	5.32629	5.82697	7.20177	9.30156	7.94582	5.21368	5.91416	6.27532	6.79805	10.25618	3.51493	9.35942
alpha_rarefaction_7890_8.txt	7890	8	9.54307	8.27308	9.30784	9.85468	7.27609	7.4075	5.32629	5.82697	7.20177	9.30156	7.94582	5.21368	5.91416	6.27532	6.90636	10.25618	3.51493	9.35942
alpha_rarefaction_7890_9.txt	7890	9	9.54307	8.27308	9.30784	9.85468	7.27609	7.4075	5.32629	5.82697	7.20177	9.30156	7.94582	5.21368	5.91416	6.27532	6.90636	10.25618	3.51493	9.35942