	sequences per sample	iteration	T1	TS4	T9	T2	MN15	MN12	SM2	MN13	MT213	TL1	SM4	MT210	MT209	TS6	TS8	TL2	SM5	TL3
alpha_rarefaction_10_0.txt	10	0	6.0	6.0	7.0	8.0	4.0	3.0	0.0	7.0	2.0	3.0	3.0	1.0	2.0	0.0	3.0	7.0	0.0	8.0
alpha_rarefaction_10_1.txt	10	1	5.0	5.0	7.0	5.0	4.0	10.0	0.0	3.0	2.0	4.0	1.0	1.0	3.0	2.0	1.0	2.0	0.0	8.0
alpha_rarefaction_10_2.txt	10	2	8.0	4.0	3.0	5.0	2.0	6.0	1.0	3.0	2.0	8.0	2.0	0.0	1.0	2.0	3.0	2.0	2.0	3.0
alpha_rarefaction_10_3.txt	10	3	5.0	3.0	4.0	5.0	4.0	5.0	3.0	5.0	6.0	6.0	5.0	2.0	3.0	2.0	3.0	4.0	2.0	4.0
alpha_rarefaction_10_4.txt	10	4	5.0	3.0	8.0	8.0	6.0	4.0	1.0	5.0	1.0	4.0	5.0	1.0	5.0	0.0	1.0	6.0	0.0	5.0
alpha_rarefaction_10_5.txt	10	5	4.0	5.0	5.0	3.0	4.0	6.0	2.0	2.0	1.0	8.0	4.0	0.0	6.0	3.0	1.0	7.0	1.0	2.0
alpha_rarefaction_10_6.txt	10	6	4.0	3.0	5.0	5.0	5.0	4.0	1.0	4.0	2.0	5.0	1.0	2.0	4.0	1.0	2.0	4.0	0.0	4.0
alpha_rarefaction_10_7.txt	10	7	6.0	6.0	4.0	4.0	4.0	5.0	1.0	4.0	1.0	2.0	5.0	1.0	2.0	0.0	4.0	4.0	1.0	8.0
alpha_rarefaction_10_8.txt	10	8	4.0	3.0	6.0	7.0	5.0	1.0	1.0	3.0	3.0	5.0	2.0	1.0	2.0	3.0	4.0	6.0	0.0	2.0
alpha_rarefaction_10_9.txt	10	9	6.0	5.0	3.0	6.0	2.0	5.0	2.0	4.0	1.0	8.0	3.0	0.0	0.0	1.0	3.0	3.0	3.0	5.0
alpha_rarefaction_798_0.txt	798	0	27.0	28.0	22.0	23.0	29.0	37.0	7.0	15.0	21.0	23.0	28.0	15.0	13.0	17.0	18.0	22.0	4.0	21.0
alpha_rarefaction_798_1.txt	798	1	29.0	20.0	26.0	23.0	26.0	24.0	14.0	21.0	20.0	18.0	25.0	14.0	15.0	14.0	13.0	26.0	5.0	12.0
alpha_rarefaction_798_2.txt	798	2	22.0	21.0	27.0	27.0	21.0	26.0	14.0	17.0	24.0	19.0	20.0	11.0	18.0	10.0	17.0	17.0	7.0	22.0
alpha_rarefaction_798_3.txt	798	3	21.0	17.0	29.0	27.0	22.0	23.0	10.0	14.0	20.0	20.0	25.0	5.0	14.0	14.0	17.0	22.0	9.0	14.0
alpha_rarefaction_798_4.txt	798	4	32.0	15.0	26.0	24.0	22.0	31.0	7.0	16.0	23.0	16.0	22.0	14.0	15.0	14.0	11.0	21.0	7.0	15.0
alpha_rarefaction_798_5.txt	798	5	19.0	23.0	24.0	26.0	28.0	21.0	11.0	16.0	24.0	19.0	24.0	12.0	21.0	15.0	14.0	19.0	5.0	19.0
alpha_rarefaction_798_6.txt	798	6	25.0	15.0	22.0	31.0	21.0	25.0	10.0	15.0	24.0	20.0	24.0	9.0	10.0	8.0	18.0	29.0	9.0	18.0
alpha_rarefaction_798_7.txt	798	7	21.0	21.0	25.0	32.0	27.0	29.0	11.0	19.0	23.0	16.0	22.0	11.0	20.0	8.0	14.0	23.0	9.0	24.0
alpha_rarefaction_798_8.txt	798	8	27.0	17.0	25.0	26.0	21.0	23.0	8.0	21.0	25.0	17.0	19.0	9.0	16.0	10.0	14.0	13.0	7.0	12.0
alpha_rarefaction_798_9.txt	798	9	22.0	19.0	32.0	20.0	16.0	25.0	12.0	14.0	19.0	17.0	16.0	12.0	16.0	9.0	10.0	19.0	9.0	22.0
alpha_rarefaction_1586_0.txt	1586	0	18.0	26.0	24.0	31.0	28.0	21.0	11.0	14.0	21.0	18.0	19.0	11.0	9.0	12.0	22.0	25.0	13.0	19.0
alpha_rarefaction_1586_1.txt	1586	1	33.0	20.0	22.0	21.0	21.0	20.0	14.0	11.0	23.0	16.0	29.0	13.0	16.0	12.0	20.0	21.0	8.0	24.0
alpha_rarefaction_1586_2.txt	1586	2	22.0	22.0	20.0	23.0	26.0	29.0	12.0	14.0	22.0	16.0	27.0	15.0	15.0	17.0	22.0	20.0	8.0	16.0
alpha_rarefaction_1586_3.txt	1586	3	24.0	19.0	19.0	24.0	25.0	33.0	12.0	14.0	23.0	25.0	22.0	12.0	15.0	11.0	15.0	21.0	8.0	14.0
alpha_rarefaction_1586_4.txt	1586	4	25.0	27.0	26.0	21.0	23.0	25.0	11.0	18.0	17.0	18.0	30.0	16.0	16.0	15.0	14.0	28.0	7.0	16.0
alpha_rarefaction_1586_5.txt	1586	5	20.0	23.0	26.0	25.0	21.0	29.0	17.0	16.0	13.0	15.0	24.0	13.0	12.0	17.0	25.0	20.0	11.0	22.0
alpha_rarefaction_1586_6.txt	1586	6	28.0	16.0	23.0	27.0	24.0	14.0	11.0	16.0	16.0	14.0	26.0	11.0	16.0	16.0	11.0	30.0	7.0	20.0
alpha_rarefaction_1586_7.txt	1586	7	29.0	24.0	17.0	21.0	27.0	26.0	15.0	20.0	16.0	21.0	17.0	14.0	16.0	19.0	22.0	24.0	5.0	12.0
alpha_rarefaction_1586_8.txt	1586	8	20.0	17.0	21.0	23.0	27.0	20.0	14.0	12.0	24.0	14.0	22.0	10.0	18.0	18.0	18.0	23.0	12.0	21.0
alpha_rarefaction_1586_9.txt	1586	9	22.0	23.0	20.0	24.0	24.0	26.0	17.0	9.0	26.0	23.0	24.0	12.0	9.0	15.0	18.0	19.0	6.0	19.0
alpha_rarefaction_2374_0.txt	2374	0	27.0	22.0	21.0	17.0	28.0	24.0	13.0	16.0	17.0	16.0	16.0	13.0	14.0	8.0	20.0	24.0	10.0	20.0
alpha_rarefaction_2374_1.txt	2374	1	26.0	20.0	20.0	26.0	19.0	26.0	13.0	11.0	19.0	18.0	26.0	21.0	17.0	17.0	23.0	20.0	8.0	13.0
alpha_rarefaction_2374_2.txt	2374	2	20.0	23.0	18.0	30.0	31.0	22.0	13.0	11.0	17.0	19.0	27.0	21.0	17.0	12.0	17.0	19.0	15.0	16.0
alpha_rarefaction_2374_3.txt	2374	3	18.0	22.0	36.0	21.0	22.0	23.0	14.0	16.0	18.0	16.0	22.0	16.0	15.0	14.0	25.0	19.0	9.0	13.0
alpha_rarefaction_2374_4.txt	2374	4	20.0	14.0	20.0	24.0	26.0	21.0	15.0	16.0	16.0	20.0	26.0	19.0	13.0	16.0	16.0	22.0	9.0	16.0
alpha_rarefaction_2374_5.txt	2374	5	25.0	19.0	26.0	24.0	24.0	26.0	11.0	18.0	19.0	18.0	29.0	19.0	13.0	13.0	23.0	24.0	10.0	19.0
alpha_rarefaction_2374_6.txt	2374	6	19.0	23.0	22.0	20.0	19.0	23.0	17.0	14.0	19.0	19.0	27.0	15.0	17.0	12.0	13.0	21.0	10.0	9.0
alpha_rarefaction_2374_7.txt	2374	7	27.0	17.0	18.0	25.0	19.0	29.0	14.0	11.0	13.0	16.0	18.0	15.0	17.0	9.0	26.0	18.0	13.0	19.0
alpha_rarefaction_2374_8.txt	2374	8	20.0	18.0	24.0	22.0	25.0	27.0	12.0	16.0	16.0	22.0	22.0	20.0	12.0	17.0	21.0	25.0	11.0	11.0
alpha_rarefaction_2374_9.txt	2374	9	30.0	21.0	27.0	29.0	15.0	24.0	20.0	13.0	21.0	18.0	27.0	10.0	19.0	15.0	19.0	23.0	8.0	14.0
alpha_rarefaction_3162_0.txt	3162	0	22.0	24.0	20.0	28.0	25.0	22.0	22.0	15.0	21.0	13.0	19.0	22.0	7.0	13.0	29.0	24.0	10.0	15.0
alpha_rarefaction_3162_1.txt	3162	1	17.0	25.0	18.0	18.0	28.0	23.0	19.0	15.0	16.0	14.0	23.0	16.0	13.0	17.0	20.0	25.0	13.0	11.0
alpha_rarefaction_3162_2.txt	3162	2	27.0	15.0	23.0	18.0	25.0	30.0	11.0	7.0	17.0	17.0	16.0	14.0	16.0	20.0	22.0	21.0	9.0	11.0
alpha_rarefaction_3162_3.txt	3162	3	26.0	25.0	28.0	25.0	23.0	29.0	15.0	17.0	20.0	20.0	16.0	13.0	13.0	11.0	26.0	17.0	5.0	12.0
alpha_rarefaction_3162_4.txt	3162	4	25.0	21.0	19.0	23.0	29.0	16.0	18.0	19.0	17.0	15.0	15.0	14.0	11.0	14.0	25.0	26.0	8.0	10.0
alpha_rarefaction_3162_5.txt	3162	5	20.0	25.0	23.0	21.0	21.0	21.0	14.0	11.0	17.0	18.0	18.0	16.0	13.0	19.0	33.0	22.0	11.0	12.0
alpha_rarefaction_3162_6.txt	3162	6	24.0	20.0	17.0	17.0	21.0	23.0	16.0	18.0	14.0	14.0	23.0	16.0	11.0	16.0	26.0	21.0	8.0	15.0
alpha_rarefaction_3162_7.txt	3162	7	23.0	20.0	28.0	22.0	28.0	27.0	17.0	15.0	25.0	10.0	18.0	13.0	14.0	14.0	14.0	18.0	13.0	10.0
alpha_rarefaction_3162_8.txt	3162	8	25.0	17.0	24.0	31.0	23.0	27.0	16.0	9.0	15.0	14.0	20.0	20.0	13.0	19.0	26.0	20.0	10.0	14.0
alpha_rarefaction_3162_9.txt	3162	9	25.0	18.0	24.0	27.0	22.0	27.0	9.0	17.0	13.0	18.0	24.0	21.0	12.0	18.0	25.0	18.0	15.0	13.0
alpha_rarefaction_3950_0.txt	3950	0	27.0	23.0	19.0	20.0	21.0	16.0	20.0	16.0	15.0	14.0	22.0	12.0	15.0	18.0	24.0	15.0	7.0	8.0
alpha_rarefaction_3950_1.txt	3950	1	21.0	17.0	29.0	19.0	20.0	17.0	14.0	16.0	10.0	17.0	22.0	22.0	14.0	20.0	20.0	18.0	14.0	16.0
alpha_rarefaction_3950_2.txt	3950	2	24.0	14.0	20.0	22.0	25.0	21.0	13.0	19.0	16.0	20.0	19.0	17.0	13.0	16.0	25.0	22.0	13.0	10.0
alpha_rarefaction_3950_3.txt	3950	3	21.0	18.0	18.0	25.0	24.0	22.0	16.0	16.0	14.0	12.0	22.0	14.0	13.0	8.0	25.0	16.0	11.0	9.0
alpha_rarefaction_3950_4.txt	3950	4	33.0	13.0	23.0	29.0	23.0	20.0	10.0	21.0	16.0	21.0	15.0	17.0	14.0	18.0	22.0	20.0	13.0	15.0
alpha_rarefaction_3950_5.txt	3950	5	22.0	21.0	21.0	20.0	24.0	25.0	20.0	13.0	20.0	16.0	19.0	21.0	16.0	19.0	23.0	23.0	8.0	14.0
alpha_rarefaction_3950_6.txt	3950	6	27.0	24.0	22.0	19.0	20.0	16.0	15.0	16.0	15.0	20.0	24.0	18.0	11.0	17.0	21.0	21.0	11.0	15.0
alpha_rarefaction_3950_7.txt	3950	7	27.0	20.0	19.0	21.0	32.0	21.0	13.0	19.0	11.0	20.0	15.0	9.0	13.0	16.0	23.0	19.0	12.0	17.0
alpha_rarefaction_3950_8.txt	3950	8	25.0	20.0	16.0	23.0	22.0	16.0	14.0	20.0	18.0	15.0	22.0	16.0	13.0	17.0	26.0	18.0	9.0	15.0
alpha_rarefaction_3950_9.txt	3950	9	18.0	13.0	15.0	31.0	30.0	19.0	16.0	16.0	10.0	22.0	27.0	16.0	11.0	15.0	21.0	26.0	12.0	16.0
alpha_rarefaction_4738_0.txt	4738	0	23.0	18.0	15.0	23.0	27.0	16.0	18.0	16.0	15.0	10.0	16.0	15.0	13.0	17.0	26.0	20.0	12.0	11.0
alpha_rarefaction_4738_1.txt	4738	1	21.0	22.0	21.0	25.0	16.0	21.0	12.0	20.0	16.0	18.0	19.0	13.0	8.0	21.0	26.0	25.0	9.0	12.0
alpha_rarefaction_4738_2.txt	4738	2	19.0	22.0	21.0	23.0	27.0	23.0	13.0	18.0	18.0	11.0	17.0	16.0	10.0	27.0	28.0	15.0	11.0	10.0
alpha_rarefaction_4738_3.txt	4738	3	24.0	19.0	20.0	23.0	31.0	22.0	11.0	19.0	15.0	17.0	12.0	17.0	12.0	14.0	23.0	20.0	12.0	11.0
alpha_rarefaction_4738_4.txt	4738	4	23.0	16.0	15.0	26.0	20.0	20.0	16.0	15.0	19.0	13.0	18.0	20.0	12.0	23.0	24.0	23.0	11.0	12.0
alpha_rarefaction_4738_5.txt	4738	5	30.0	18.0	20.0	25.0	18.0	23.0	18.0	15.0	11.0	10.0	18.0	18.0	13.0	23.0	22.0	24.0	11.0	10.0
alpha_rarefaction_4738_6.txt	4738	6	30.0	16.0	18.0	32.0	20.0	19.0	12.0	15.0	15.0	14.0	18.0	18.0	15.0	18.0	20.0	19.0	10.0	15.0
alpha_rarefaction_4738_7.txt	4738	7	25.0	22.0	18.0	26.0	26.0	20.0	20.0	16.0	13.0	20.0	19.0	15.0	9.0	19.0	28.0	21.0	15.0	15.0
alpha_rarefaction_4738_8.txt	4738	8	20.0	19.0	18.0	23.0	23.0	21.0	16.0	19.0	12.0	15.0	22.0	16.0	14.0	19.0	29.0	24.0	8.0	13.0
alpha_rarefaction_4738_9.txt	4738	9	19.0	24.0	18.0	25.0	20.0	16.0	15.0	22.0	16.0	15.0	16.0	16.0	7.0	21.0	20.0	25.0	11.0	9.0
alpha_rarefaction_5526_0.txt	5526	0	21.0	25.0	20.0	23.0	25.0	25.0	13.0	23.0	18.0	15.0	20.0	17.0	10.0	23.0	23.0	17.0	10.0	11.0
alpha_rarefaction_5526_1.txt	5526	1	22.0	14.0	17.0	25.0	22.0	23.0	13.0	14.0	14.0	19.0	19.0	18.0	9.0	27.0	23.0	19.0	13.0	15.0
alpha_rarefaction_5526_2.txt	5526	2	18.0	18.0	21.0	27.0	27.0	17.0	15.0	15.0	13.0	11.0	17.0	21.0	14.0	18.0	23.0	16.0	10.0	12.0
alpha_rarefaction_5526_3.txt	5526	3	21.0	17.0	16.0	17.0	29.0	20.0	14.0	18.0	13.0	11.0	17.0	21.0	16.0	23.0	21.0	20.0	14.0	14.0
alpha_rarefaction_5526_4.txt	5526	4	23.0	25.0	13.0	20.0	32.0	21.0	16.0	19.0	10.0	10.0	17.0	20.0	9.0	25.0	28.0	23.0	14.0	8.0
alpha_rarefaction_5526_5.txt	5526	5	16.0	15.0	16.0	23.0	24.0	19.0	16.0	19.0	15.0	19.0	19.0	18.0	11.0	22.0	24.0	17.0	10.0	11.0
alpha_rarefaction_5526_6.txt	5526	6	21.0	21.0	21.0	30.0	27.0	17.0	16.0	18.0	15.0	16.0	15.0	18.0	17.0	22.0	24.0	19.0	9.0	12.0
alpha_rarefaction_5526_7.txt	5526	7	22.0	16.0	12.0	17.0	30.0	16.0	15.0	20.0	13.0	17.0	16.0	17.0	14.0	24.0	23.0	19.0	8.0	12.0
alpha_rarefaction_5526_8.txt	5526	8	21.0	25.0	18.0	20.0	26.0	25.0	7.0	21.0	11.0	16.0	17.0	17.0	9.0	20.0	24.0	17.0	8.0	12.0
alpha_rarefaction_5526_9.txt	5526	9	25.0	20.0	18.0	21.0	23.0	20.0	19.0	18.0	15.0	15.0	20.0	19.0	11.0	24.0	27.0	21.0	13.0	8.0
alpha_rarefaction_6314_0.txt	6314	0	17.0	20.0	16.0	21.0	29.0	18.0	13.0	21.0	14.0	11.0	14.0	19.0	9.0	22.0	23.0	15.0	13.0	9.0
alpha_rarefaction_6314_1.txt	6314	1	21.0	22.0	19.0	25.0	25.0	18.0	13.0	19.0	11.0	15.0	17.0	25.0	12.0	16.0	26.0	19.0	14.0	6.0
alpha_rarefaction_6314_2.txt	6314	2	25.0	16.0	14.0	26.0	25.0	18.0	15.0	18.0	11.0	10.0	19.0	18.0	9.0	26.0	26.0	18.0	13.0	12.0
alpha_rarefaction_6314_3.txt	6314	3	21.0	19.0	19.0	25.0	23.0	21.0	14.0	17.0	18.0	11.0	16.0	21.0	13.0	21.0	20.0	20.0	13.0	9.0
alpha_rarefaction_6314_4.txt	6314	4	27.0	19.0	12.0	21.0	30.0	21.0	16.0	19.0	10.0	11.0	15.0	18.0	7.0	26.0	23.0	17.0	14.0	11.0
alpha_rarefaction_6314_5.txt	6314	5	23.0	21.0	17.0	19.0	26.0	23.0	12.0	17.0	11.0	11.0	15.0	19.0	13.0	22.0	22.0	23.0	12.0	8.0
alpha_rarefaction_6314_6.txt	6314	6	21.0	23.0	15.0	21.0	29.0	18.0	16.0	15.0	13.0	13.0	16.0	21.0	12.0	19.0	25.0	24.0	7.0	14.0
alpha_rarefaction_6314_7.txt	6314	7	24.0	27.0	14.0	22.0	29.0	16.0	10.0	18.0	14.0	11.0	13.0	19.0	12.0	23.0	25.0	27.0	14.0	7.0
alpha_rarefaction_6314_8.txt	6314	8	23.0	22.0	16.0	27.0	27.0	20.0	14.0	18.0	15.0	12.0	16.0	21.0	11.0	24.0	22.0	21.0	12.0	10.0
alpha_rarefaction_6314_9.txt	6314	9	18.0	18.0	16.0	24.0	29.0	13.0	13.0	20.0	14.0	11.0	19.0	21.0	9.0	21.0	26.0	20.0	14.0	11.0
alpha_rarefaction_7102_0.txt	7102	0	21.0	20.0	14.0	21.0	26.0	21.0	14.0	18.0	9.0	10.0	13.0	20.0	12.0	26.0	22.0	21.0	14.0	11.0
alpha_rarefaction_7102_1.txt	7102	1	23.0	17.0	18.0	20.0	28.0	15.0	15.0	18.0	12.0	9.0	19.0	19.0	11.0	24.0	21.0	20.0	11.0	7.0
alpha_rarefaction_7102_2.txt	7102	2	18.0	21.0	14.0	24.0	28.0	17.0	13.0	20.0	13.0	12.0	13.0	21.0	11.0	18.0	22.0	20.0	11.0	10.0
alpha_rarefaction_7102_3.txt	7102	3	24.0	19.0	16.0	21.0	29.0	22.0	12.0	16.0	14.0	11.0	16.0	23.0	11.0	22.0	23.0	22.0	15.0	8.0
alpha_rarefaction_7102_4.txt	7102	4	20.0	20.0	16.0	18.0	30.0	20.0	11.0	18.0	13.0	12.0	15.0	21.0	11.0	24.0	25.0	20.0	11.0	11.0
alpha_rarefaction_7102_5.txt	7102	5	21.0	20.0	11.0	21.0	30.0	20.0	12.0	22.0	12.0	9.0	13.0	19.0	11.0	22.0	26.0	22.0	13.0	10.0
alpha_rarefaction_7102_6.txt	7102	6	18.0	17.0	17.0	24.0	28.0	19.0	13.0	20.0	13.0	11.0	13.0	18.0	12.0	23.0	22.0	21.0	10.0	9.0
alpha_rarefaction_7102_7.txt	7102	7	20.0	20.0	17.0	24.0	30.0	20.0	12.0	20.0	13.0	12.0	14.0	22.0	12.0	24.0	21.0	20.0	14.0	8.0
alpha_rarefaction_7102_8.txt	7102	8	19.0	16.0	17.0	21.0	29.0	18.0	12.0	20.0	13.0	9.0	16.0	20.0	12.0	22.0	22.0	20.0	11.0	9.0
alpha_rarefaction_7102_9.txt	7102	9	23.0	23.0	14.0	22.0	27.0	19.0	13.0	20.0	9.0	12.0	17.0	19.0	11.0	23.0	19.0	23.0	14.0	9.0
alpha_rarefaction_7890_0.txt	7890	0	20.0	19.0	15.0	21.0	28.0	18.0	13.0	20.0	11.0	10.0	14.0	21.0	12.0	24.0	22.0	21.0	13.0	10.0
alpha_rarefaction_7890_1.txt	7890	1	20.0	19.0	15.0	21.0	28.0	18.0	13.0	20.0	11.0	10.0	14.0	21.0	12.0	24.0	23.0	21.0	13.0	10.0
alpha_rarefaction_7890_2.txt	7890	2	20.0	19.0	15.0	21.0	28.0	18.0	13.0	20.0	11.0	10.0	14.0	21.0	12.0	24.0	22.0	20.0	13.0	10.0
alpha_rarefaction_7890_3.txt	7890	3	20.0	19.0	15.0	21.0	28.0	18.0	13.0	20.0	11.0	10.0	14.0	21.0	12.0	24.0	22.0	21.0	13.0	10.0
alpha_rarefaction_7890_4.txt	7890	4	20.0	19.0	15.0	23.0	28.0	18.0	13.0	20.0	11.0	10.0	14.0	21.0	12.0	23.0	22.0	21.0	13.0	10.0
alpha_rarefaction_7890_5.txt	7890	5	20.0	19.0	15.0	21.0	28.0	18.0	13.0	20.0	11.0	10.0	14.0	21.0	12.0	24.0	22.0	21.0	13.0	10.0
alpha_rarefaction_7890_6.txt	7890	6	20.0	19.0	15.0	22.0	28.0	18.0	13.0	20.0	11.0	10.0	14.0	21.0	12.0	24.0	22.0	21.0	13.0	10.0
alpha_rarefaction_7890_7.txt	7890	7	20.0	19.0	15.0	21.0	28.0	18.0	13.0	20.0	11.0	10.0	14.0	21.0	12.0	24.0	21.0	21.0	13.0	10.0
alpha_rarefaction_7890_8.txt	7890	8	20.0	19.0	15.0	21.0	28.0	18.0	13.0	20.0	11.0	10.0	14.0	21.0	12.0	24.0	22.0	21.0	13.0	10.0
alpha_rarefaction_7890_9.txt	7890	9	20.0	19.0	15.0	21.0	28.0	18.0	13.0	20.0	11.0	10.0	14.0	21.0	12.0	24.0	22.0	21.0	13.0	10.0