	sequences per sample	iteration	D1af	D3af	D5bf	D1bf	C12	C11
alpha_rarefaction_10_0.txt	10	0	8.0	2.0	5.0	3.0	1.0	1.0
alpha_rarefaction_10_1.txt	10	1	7.0	7.0	9.0	5.33333333333	1.0	2.0
alpha_rarefaction_10_2.txt	10	2	4.5	2.0	4.0	5.5	2.0	2.0
alpha_rarefaction_10_3.txt	10	3	7.0	6.5	7.0	5.0	1.0	1.0
alpha_rarefaction_10_4.txt	10	4	4.5	5.0	22.0	3.0	1.0	2.0
alpha_rarefaction_10_5.txt	10	5	4.5	7.0	4.0	5.0	2.0	1.0
alpha_rarefaction_10_6.txt	10	6	22.0	7.0	6.5	5.0	1.0	1.0
alpha_rarefaction_10_7.txt	10	7	2.0	1.0	6.5	7.0	2.0	1.0
alpha_rarefaction_10_8.txt	10	8	5.33333333333	7.0	12.0	4.5	1.0	2.0
alpha_rarefaction_10_9.txt	10	9	3.0	7.0	16.0	3.0	1.0	1.0
alpha_rarefaction_356_0.txt	356	0	112.1	44.0	86.0	87.0	20.5	26.0
alpha_rarefaction_356_1.txt	356	1	84.1	86.875	70.3333333333	41.2	22.3333333333	44.0
alpha_rarefaction_356_2.txt	356	2	111.5	66.2	49.2727272727	67.25	18.0	29.75
alpha_rarefaction_356_3.txt	356	3	152.111111111	43.5	78.0	55.2	17.25	23.3333333333
alpha_rarefaction_356_4.txt	356	4	140.0	80.5	87.1666666667	52.3333333333	13.0	35.5
alpha_rarefaction_356_5.txt	356	5	77.5	60.0714285714	71.1	47.0	23.0	30.0
alpha_rarefaction_356_6.txt	356	6	89.0666666667	57.0909090909	66.75	28.0	13.5	41.75
alpha_rarefaction_356_7.txt	356	7	101.5	63.1	66.75	39.375	13.0	21.5
alpha_rarefaction_356_8.txt	356	8	163.5	52.0	62.2727272727	67.25	22.3333333333	28.0
alpha_rarefaction_356_9.txt	356	9	82.5	84.0	77.625	42.1666666667	10.0	23.2
alpha_rarefaction_702_0.txt	702	0	141.105263158	75.1111111111	83.1	67.6666666667	14.3333333333	30.1666666667
alpha_rarefaction_702_1.txt	702	1	109.0	65.2727272727	101.8	218.5	30.75	68.25
alpha_rarefaction_702_2.txt	702	2	118.0	95.0	94.1428571429	138.0	36.1666666667	47.75
alpha_rarefaction_702_3.txt	702	3	96.7894736842	81.1428571429	87.2727272727	78.3333333333	16.5	38.0
alpha_rarefaction_702_4.txt	702	4	149.75	105.333333333	104.0	80.1111111111	20.5	40.2
alpha_rarefaction_702_5.txt	702	5	103.12	62.2142857143	79.7692307692	76.5	61.25	39.5
alpha_rarefaction_702_6.txt	702	6	129.235294118	68.0	89.9375	54.0	52.0	30.0
alpha_rarefaction_702_7.txt	702	7	164.214285714	93.4285714286	70.375	61.1538461538	25.625	42.0
alpha_rarefaction_702_8.txt	702	8	187.076923077	85.3333333333	93.0	63.1	25.0	47.6666666667
alpha_rarefaction_702_9.txt	702	9	139.0	67.0	106.0	53.5454545455	33.3333333333	49.0
alpha_rarefaction_1048_0.txt	1048	0	133.5	78.5	100.545454545	137.666666667	27.0	53.6666666667
alpha_rarefaction_1048_1.txt	1048	1	138.115384615	71.2727272727	84.1578947368	105.75	45.0	36.0
alpha_rarefaction_1048_2.txt	1048	2	136.142857143	76.375	95.0	70.1111111111	39.1666666667	48.125
alpha_rarefaction_1048_3.txt	1048	3	138.357142857	68.9090909091	92.0	90.0	22.5	52.0
alpha_rarefaction_1048_4.txt	1048	4	145.789473684	98.1111111111	76.9090909091	175.0	47.0	42.1666666667
alpha_rarefaction_1048_5.txt	1048	5	175.666666667	83.6666666667	123.166666667	87.1111111111	31.8571428571	43.1428571429
alpha_rarefaction_1048_6.txt	1048	6	124.12	67.0588235294	98.0714285714	87.1	29.8571428571	38.5
alpha_rarefaction_1048_7.txt	1048	7	175.571428571	65.3333333333	92.3333333333	70.4285714286	39.5	41.6666666667
alpha_rarefaction_1048_8.txt	1048	8	119.785714286	80.0	97.6666666667	71.4	29.1111111111	48.4285714286
alpha_rarefaction_1048_9.txt	1048	9	145.037037037	92.5454545455	94.2142857143	71.7142857143	26.2	60.0
alpha_rarefaction_1394_0.txt	1394	0	142.875	77.875	106.0	77.2307692308	43.2	40.75
alpha_rarefaction_1394_1.txt	1394	1	167.0	70.0666666667	96.0	85.0833333333	36.8	63.25
alpha_rarefaction_1394_2.txt	1394	2	152.444444444	71.5555555556	116.0	123.333333333	38.6	49.1428571429
alpha_rarefaction_1394_3.txt	1394	3	148.533333333	79.1	92.1538461538	77.0555555556	41.6	31.0
alpha_rarefaction_1394_4.txt	1394	4	151.076923077	88.0	86.8571428571	87.8823529412	45.2	45.9090909091
alpha_rarefaction_1394_5.txt	1394	5	150.315789474	66.0769230769	105.25	118.090909091	59.6	41.75
alpha_rarefaction_1394_6.txt	1394	6	125.037037037	72.5625	119.8	105.071428571	40.1666666667	47.0
alpha_rarefaction_1394_7.txt	1394	7	153.416666667	76.7692307692	132.0	108.153846154	33.25	36.6666666667
alpha_rarefaction_1394_8.txt	1394	8	144.1	78.5454545455	88.1764705882	80.2142857143	33.8571428571	55.6666666667
alpha_rarefaction_1394_9.txt	1394	9	148.730769231	74.5555555556	141.142857143	108.090909091	53.3333333333	127.0
alpha_rarefaction_1740_0.txt	1740	0	175.0	78.7692307692	136.5	103.0	34.0	45.375
alpha_rarefaction_1740_1.txt	1740	1	154.538461538	66.5	87.9090909091	96.0714285714	28.0	61.5
alpha_rarefaction_1740_2.txt	1740	2	138.0	86.2727272727	107.0	91.8823529412	32.6	68.875
alpha_rarefaction_1740_3.txt	1740	3	160.785714286	74.9090909091	99.6666666667	102.2	39.1428571429	90.5
alpha_rarefaction_1740_4.txt	1740	4	177.041666667	77.7142857143	101.3	91.9	29.8	73.0
alpha_rarefaction_1740_5.txt	1740	5	158.384615385	100.625	103.866666667	132.111111111	57.2	48.0
alpha_rarefaction_1740_6.txt	1740	6	179.0	86.0833333333	104.0	194.0	50.0	89.0
alpha_rarefaction_1740_7.txt	1740	7	159.730769231	89.8125	119.909090909	112.769230769	43.125	58.6666666667
alpha_rarefaction_1740_8.txt	1740	8	157.115384615	72.5	89.5	83.25	36.75	39.9285714286
alpha_rarefaction_1740_9.txt	1740	9	130.222222222	101.0	97.4615384615	107.153846154	33.8571428571	53.1111111111
alpha_rarefaction_2086_0.txt	2086	0	132.15625	79.0	84.5	105.214285714	40.75	49.6666666667
alpha_rarefaction_2086_1.txt	2086	1	144.230769231	80.4615384615	126.0	115.090909091	58.5	58.5454545455
alpha_rarefaction_2086_2.txt	2086	2	135.096774194	81.3333333333	166.428571429	105.066666667	76.75	58.0
alpha_rarefaction_2086_3.txt	2086	3	142.53125	81.2	127.75	100.105263158	62.0	46.1111111111
alpha_rarefaction_2086_4.txt	2086	4	147.53125	81.75	102.882352941	102.363636364	41.0	58.3
alpha_rarefaction_2086_5.txt	2086	5	161.785714286	83.5454545455	145.583333333	85.6470588235	38.3333333333	41.4285714286
alpha_rarefaction_2086_6.txt	2086	6	148.7	83.0	106.083333333	76.9166666667	26.5	60.6666666667
alpha_rarefaction_2086_7.txt	2086	7	154.888888889	85.4	124.461538462	95.5555555556	39.6	46.6666666667
alpha_rarefaction_2086_8.txt	2086	8	143.576923077	81.9285714286	99.75	99.1052631579	42.2	56.6
alpha_rarefaction_2086_9.txt	2086	9	153.888888889	79.2307692308	108.0	97.6	36.25	77.0
alpha_rarefaction_2432_0.txt	2432	0	151.076923077	76.0	135.0	102.8	48.1666666667	59.0
alpha_rarefaction_2432_1.txt	2432	1	148.777777778	91.0	92.6	118.15	51.1428571429	69.2
alpha_rarefaction_2432_2.txt	2432	2	172.681818182	86.4615384615	184.5	96.75	38.8571428571	69.6
alpha_rarefaction_2432_3.txt	2432	3	156.8	81.0666666667	112.071428571	119.058823529	41.25	57.0
alpha_rarefaction_2432_4.txt	2432	4	144.8125	76.6	110.526315789	106.956521739	39.6	82.3333333333
alpha_rarefaction_2432_5.txt	2432	5	150.222222222	79.0555555556	106.428571429	106.0	45.6	48.5714285714
alpha_rarefaction_2432_6.txt	2432	6	147.533333333	72.0	116.545454545	109.333333333	45.5	53.0
alpha_rarefaction_2432_7.txt	2432	7	151.884615385	100.25	146.8	94.0	57.0	47.75
alpha_rarefaction_2432_8.txt	2432	8	154.206896552	75.7142857143	129.8	114.4	42.75	60.4285714286
alpha_rarefaction_2432_9.txt	2432	9	150.6	108.0	121.5	101.545454545	40.8	53.6666666667
alpha_rarefaction_2778_0.txt	2778	0	191.789473684	81.5	139.272727273	99.9130434783	50.0	65.0
alpha_rarefaction_2778_1.txt	2778	1	157.206896552	84.0	124.111111111	101.916666667	49.5	64.1
alpha_rarefaction_2778_2.txt	2778	2	159.8	90.125	120.0	103.375	43.75	70.7692307692
alpha_rarefaction_2778_3.txt	2778	3	173.052631579	110.666666667	117.428571429	106.894736842	46.0	71.0
alpha_rarefaction_2778_4.txt	2778	4	148.45	88.3636363636	127.5	118.0	42.25	88.0
alpha_rarefaction_2778_5.txt	2778	5	159.344827586	77.5833333333	129.071428571	118.4	40.6	56.5
alpha_rarefaction_2778_6.txt	2778	6	170.161290323	86.5555555556	113.230769231	115.428571429	46.375	67.0
alpha_rarefaction_2778_7.txt	2778	7	147.941176471	81.7894736842	121.0	93.0555555556	62.2	58.0666666667
alpha_rarefaction_2778_8.txt	2778	8	163.791666667	86.7142857143	114.4	97.2608695652	56.0	92.1666666667
alpha_rarefaction_2778_9.txt	2778	9	156.777777778	86.0	156.5	92.0	43.6666666667	76.2727272727
alpha_rarefaction_3124_0.txt	3124	0	152.037037037	86.2727272727	125.076923077	96.0434782609	48.0	48.3333333333
alpha_rarefaction_3124_1.txt	3124	1	169.714285714	95.0	128.8	103.181818182	57.0	54.5714285714
alpha_rarefaction_3124_2.txt	3124	2	151.2	76.0	130.0	105.772727273	43.1666666667	64.4
alpha_rarefaction_3124_3.txt	3124	3	163.0	78.75	116.4	107.136363636	53.2	61.0
alpha_rarefaction_3124_4.txt	3124	4	150.535714286	89.6666666667	139.5	105.333333333	44.4285714286	56.5454545455
alpha_rarefaction_3124_5.txt	3124	5	148.2	96.0	110.0	106.772727273	43.8	90.1666666667
alpha_rarefaction_3124_6.txt	3124	6	156.533333333	84.5	102.769230769	108.166666667	49.125	53.1111111111
alpha_rarefaction_3124_7.txt	3124	7	163.576923077	85.5833333333	106.111111111	100.954545455	44.4285714286	54.6666666667
alpha_rarefaction_3124_8.txt	3124	8	156.0	93.3636363636	126.0	98.1304347826	47.1111111111	64.4285714286
alpha_rarefaction_3124_9.txt	3124	9	151.222222222	86.0909090909	128.111111111	102.181818182	46.0	60.3
alpha_rarefaction_3470_0.txt	3470	0	157.538461538	81.5	118.0	100.541666667	55.2	79.1111111111
alpha_rarefaction_3470_1.txt	3470	1	144.75	79.2727272727	110.461538462	102.625	55.2	71.0
alpha_rarefaction_3470_2.txt	3470	2	156.111111111	87.2727272727	111.111111111	104.434782609	55.2	57.0
alpha_rarefaction_3470_3.txt	3470	3	151.035714286	86.3333333333	169.5	102.625	52.1666666667	71.0
alpha_rarefaction_3470_4.txt	3470	4	158.5	93.6	119.0	102.625	55.2	55.5
alpha_rarefaction_3470_5.txt	3470	5	164.0	92.125	117.875	102.625	55.2	80.3
alpha_rarefaction_3470_6.txt	3470	6	153.12	81.5833333333	156.230769231	100.541666667	51.6	56.5
alpha_rarefaction_3470_7.txt	3470	7	154.206896552	102.666666667	136.25	102.625	55.2	60.0666666667
alpha_rarefaction_3470_8.txt	3470	8	169.473684211	88.1	131.230769231	102.260869565	55.2	64.7692307692
alpha_rarefaction_3470_9.txt	3470	9	158.5	86.8	130.0	104.434782609	55.2	57.0