	sequences per sample	iteration	D1af	D3af	D5bf	D1bf	C12	C11
alpha_rarefaction_10_0.txt	10	0	1.06653	0.63212	0.61517	0.55767	0.00071	0.00071
alpha_rarefaction_10_1.txt	10	1	1.08543	0.72512	1.13489	0.84521	0.00071	0.02972
alpha_rarefaction_10_2.txt	10	2	1.02433	0.47843	0.80935	0.7503	0.0082	0.00085
alpha_rarefaction_10_3.txt	10	3	0.92434	1.13321	0.61593	0.74686	0.00071	0.00071
alpha_rarefaction_10_4.txt	10	4	1.17193	0.64929	1.2222	0.55767	0.00071	0.00085
alpha_rarefaction_10_5.txt	10	5	1.01229	0.7814	0.77745	0.62155	0.0325	0.00071
alpha_rarefaction_10_6.txt	10	6	1.307	0.6408	1.16694	0.56154	0.00071	0.00071
alpha_rarefaction_10_7.txt	10	7	0.55696	0.42022	0.88237	0.85238	0.00085	0.00071
alpha_rarefaction_10_8.txt	10	8	1.05069	0.80806	1.20776	0.56154	0.00071	0.00085
alpha_rarefaction_10_9.txt	10	9	0.83544	0.79683	1.26815	0.55767	0.00071	0.00071
alpha_rarefaction_356_0.txt	356	0	4.50643	2.79369	5.97929	2.19101	0.68155	1.29935
alpha_rarefaction_356_1.txt	356	1	4.13021	3.09283	5.13537	1.37561	0.89861	1.53487
alpha_rarefaction_356_2.txt	356	2	4.34953	2.38359	5.17261	1.78922	1.0396	1.61356
alpha_rarefaction_356_3.txt	356	3	4.4795	2.50842	4.67148	1.85672	0.92015	1.25917
alpha_rarefaction_356_4.txt	356	4	4.81506	3.11835	5.05578	1.64071	0.4081	1.31415
alpha_rarefaction_356_5.txt	356	5	3.91385	3.24519	5.49967	1.76602	0.82998	0.68372
alpha_rarefaction_356_6.txt	356	6	4.73408	2.88793	5.33081	1.45477	0.56109	1.35226
alpha_rarefaction_356_7.txt	356	7	4.22028	3.06921	4.61839	1.7562	0.37323	0.75359
alpha_rarefaction_356_8.txt	356	8	4.72531	2.55038	5.17777	1.99379	0.762	1.80365
alpha_rarefaction_356_9.txt	356	9	4.11605	2.8428	5.03984	2.00157	0.05415	1.37395
alpha_rarefaction_702_0.txt	702	0	5.93911	3.44055	5.73597	2.34133	0.34506	1.78367
alpha_rarefaction_702_1.txt	702	1	5.54807	2.96936	5.95919	2.3846	1.29264	1.8335
alpha_rarefaction_702_2.txt	702	2	4.56288	3.48137	5.864	2.84492	1.11499	1.85783
alpha_rarefaction_702_3.txt	702	3	4.20689	2.72085	5.66313	2.45342	1.32409	1.69688
alpha_rarefaction_702_4.txt	702	4	4.77359	3.34567	5.78134	2.71491	0.96446	1.41477
alpha_rarefaction_702_5.txt	702	5	6.07789	3.21217	5.85085	2.15525	1.38439	1.38862
alpha_rarefaction_702_6.txt	702	6	5.71533	3.20594	6.28451	2.45126	1.5975	1.77936
alpha_rarefaction_702_7.txt	702	7	5.85145	2.83568	5.12784	1.8111	1.2478	1.3624
alpha_rarefaction_702_8.txt	702	8	5.89483	3.34459	6.00652	2.27838	0.64033	1.9595
alpha_rarefaction_702_9.txt	702	9	5.6943	2.86696	6.05676	2.99308	0.72357	1.27618
alpha_rarefaction_1048_0.txt	1048	0	5.93266	3.52632	6.27654	3.47177	0.77549	2.11911
alpha_rarefaction_1048_1.txt	1048	1	6.19943	3.52522	6.32712	3.13499	1.12592	1.88344
alpha_rarefaction_1048_2.txt	1048	2	6.00577	3.59822	6.24849	2.52779	1.13562	1.70254
alpha_rarefaction_1048_3.txt	1048	3	6.35732	3.29819	6.07273	2.94842	1.37231	2.19537
alpha_rarefaction_1048_4.txt	1048	4	5.78854	3.71585	5.83971	3.10318	1.52019	1.70898
alpha_rarefaction_1048_5.txt	1048	5	5.90077	3.57912	6.30101	3.25836	1.42656	2.19355
alpha_rarefaction_1048_6.txt	1048	6	5.79922	3.61607	6.20156	2.94985	1.21564	1.60965
alpha_rarefaction_1048_7.txt	1048	7	5.59206	3.40395	6.17655	3.12925	1.04328	2.01666
alpha_rarefaction_1048_8.txt	1048	8	5.47989	3.62826	5.80706	3.14465	1.58258	1.57244
alpha_rarefaction_1048_9.txt	1048	9	6.113	3.83254	6.13158	2.70176	1.24348	1.67787
alpha_rarefaction_1394_0.txt	1394	0	6.54895	3.6362	6.38465	2.85549	1.43804	2.0055
alpha_rarefaction_1394_1.txt	1394	1	6.1341	3.59044	5.92318	3.3289	1.56273	2.13486
alpha_rarefaction_1394_2.txt	1394	2	6.85658	3.80819	6.53736	3.46752	1.38809	1.81063
alpha_rarefaction_1394_3.txt	1394	3	6.70381	3.63107	6.18955	3.01141	1.63316	1.83343
alpha_rarefaction_1394_4.txt	1394	4	6.41914	3.95831	6.20744	3.39677	1.46438	2.17307
alpha_rarefaction_1394_5.txt	1394	5	6.08342	3.42994	6.10725	3.49451	1.75975	2.33288
alpha_rarefaction_1394_6.txt	1394	6	6.2219	3.9091	6.73639	3.41002	1.71732	2.44617
alpha_rarefaction_1394_7.txt	1394	7	6.45377	3.74438	6.47575	3.54408	1.50902	1.46566
alpha_rarefaction_1394_8.txt	1394	8	6.52705	3.77349	6.25523	3.37302	1.76416	2.18016
alpha_rarefaction_1394_9.txt	1394	9	6.60338	3.86343	5.89565	3.34286	0.73152	2.16708
alpha_rarefaction_1740_0.txt	1740	0	6.84545	3.85181	6.43299	3.68572	1.68628	1.9558
alpha_rarefaction_1740_1.txt	1740	1	7.18202	3.6117	6.08107	3.56076	1.52001	2.30411
alpha_rarefaction_1740_2.txt	1740	2	7.09844	3.73757	6.66181	3.43216	1.81537	2.14973
alpha_rarefaction_1740_3.txt	1740	3	7.15861	3.94125	5.83787	3.26191	1.8108	2.15147
alpha_rarefaction_1740_4.txt	1740	4	6.79716	4.02489	6.42198	3.65391	1.49962	2.49227
alpha_rarefaction_1740_5.txt	1740	5	7.22805	3.85649	6.74883	3.44506	1.81435	2.39835
alpha_rarefaction_1740_6.txt	1740	6	6.84733	3.78992	6.5501	3.65474	1.89492	2.74616
alpha_rarefaction_1740_7.txt	1740	7	6.87647	3.7895	6.12713	3.34089	1.94021	1.9944
alpha_rarefaction_1740_8.txt	1740	8	6.90725	3.83893	6.3088	3.32703	1.74597	2.36101
alpha_rarefaction_1740_9.txt	1740	9	6.51702	4.09273	6.50124	3.50761	1.6401	2.39992
alpha_rarefaction_2086_0.txt	2086	0	7.0579	3.61408	6.38435	3.72534	1.92479	1.99769
alpha_rarefaction_2086_1.txt	2086	1	6.53883	3.97645	6.31957	3.68423	1.95481	2.66457
alpha_rarefaction_2086_2.txt	2086	2	7.07303	3.93727	6.85637	3.49717	1.75331	2.71369
alpha_rarefaction_2086_3.txt	2086	3	7.03679	4.0605	6.50587	3.64288	1.82007	2.09731
alpha_rarefaction_2086_4.txt	2086	4	7.12509	3.85234	6.60835	3.17662	1.55258	2.44829
alpha_rarefaction_2086_5.txt	2086	5	7.04509	3.95831	6.78291	3.50188	1.87128	1.66281
alpha_rarefaction_2086_6.txt	2086	6	7.10708	3.90367	6.26318	3.52238	1.40063	2.66897
alpha_rarefaction_2086_7.txt	2086	7	6.89676	4.08958	6.5648	3.46262	1.86324	2.44585
alpha_rarefaction_2086_8.txt	2086	8	6.9603	3.94009	6.19832	3.61797	1.89757	2.7498
alpha_rarefaction_2086_9.txt	2086	9	6.53741	3.59796	6.74341	3.7514	1.68841	2.56043
alpha_rarefaction_2432_0.txt	2432	0	7.2566	4.01773	6.88146	3.86663	1.99681	2.65021
alpha_rarefaction_2432_1.txt	2432	1	6.91857	3.95403	6.54217	3.90659	1.96742	2.44761
alpha_rarefaction_2432_2.txt	2432	2	7.19615	4.13079	6.49538	3.63292	1.70394	2.12385
alpha_rarefaction_2432_3.txt	2432	3	7.28942	3.94005	6.15747	3.51411	1.83921	2.52911
alpha_rarefaction_2432_4.txt	2432	4	7.50299	4.06457	6.86305	3.87338	1.95874	2.09981
alpha_rarefaction_2432_5.txt	2432	5	7.02283	4.02719	6.58807	3.54152	1.56943	2.21386
alpha_rarefaction_2432_6.txt	2432	6	7.36841	3.77501	6.80649	3.84774	1.99696	2.5754
alpha_rarefaction_2432_7.txt	2432	7	6.9134	4.13073	6.77107	3.55561	1.97356	2.38124
alpha_rarefaction_2432_8.txt	2432	8	7.2458	3.98035	6.34948	3.81133	1.6553	2.38025
alpha_rarefaction_2432_9.txt	2432	9	7.38108	3.96189	6.60614	3.68181	1.72394	2.38898
alpha_rarefaction_2778_0.txt	2778	0	7.49833	4.14494	6.77355	3.81773	1.89844	2.3686
alpha_rarefaction_2778_1.txt	2778	1	7.24123	4.07706	6.75613	3.90729	1.96655	2.99766
alpha_rarefaction_2778_2.txt	2778	2	7.07123	4.16715	6.74363	3.80232	1.87088	2.88087
alpha_rarefaction_2778_3.txt	2778	3	7.54167	4.17491	6.6508	3.81013	1.9813	2.40188
alpha_rarefaction_2778_4.txt	2778	4	7.18586	3.88491	6.76494	3.91582	1.82541	3.33045
alpha_rarefaction_2778_5.txt	2778	5	7.62125	4.05592	6.77831	3.88836	1.87011	2.66151
alpha_rarefaction_2778_6.txt	2778	6	7.33438	4.02776	6.7736	3.87638	1.89693	2.54226
alpha_rarefaction_2778_7.txt	2778	7	7.39829	4.13811	6.75794	3.80503	1.99657	2.59139
alpha_rarefaction_2778_8.txt	2778	8	7.4493	4.14222	6.58248	3.71053	1.85934	2.72444
alpha_rarefaction_2778_9.txt	2778	9	7.20315	4.13531	6.96086	3.65497	1.77796	2.4495
alpha_rarefaction_3124_0.txt	3124	0	7.33241	4.19057	6.76039	3.80736	2.01216	2.29233
alpha_rarefaction_3124_1.txt	3124	1	7.47981	4.15774	6.44273	3.92287	2.01566	2.55254
alpha_rarefaction_3124_2.txt	3124	2	7.4541	3.8754	6.77922	3.92786	1.87458	2.66102
alpha_rarefaction_3124_3.txt	3124	3	7.37017	4.15196	6.64312	3.92952	1.99282	2.73374
alpha_rarefaction_3124_4.txt	3124	4	7.37057	4.14983	6.93002	3.93443	2.0011	2.53766
alpha_rarefaction_3124_5.txt	3124	5	7.29865	4.09256	6.78565	3.94463	2.01972	2.61121
alpha_rarefaction_3124_6.txt	3124	6	7.18887	4.17694	6.53267	3.86674	2.00416	2.6415
alpha_rarefaction_3124_7.txt	3124	7	7.35151	4.12839	6.38321	3.7677	1.99654	2.60177
alpha_rarefaction_3124_8.txt	3124	8	7.22955	4.19835	6.59192	3.74385	2.03106	2.22989
alpha_rarefaction_3124_9.txt	3124	9	7.28879	4.18318	6.76272	3.93115	2.01354	2.32846
alpha_rarefaction_3470_0.txt	3470	0	7.49035	4.13255	6.50224	3.90115	2.03106	2.82414
alpha_rarefaction_3470_1.txt	3470	1	7.46216	4.07701	6.59461	3.94835	2.03106	2.71153
alpha_rarefaction_3470_2.txt	3470	2	7.64451	4.17877	6.60376	3.94835	2.03106	2.68837
alpha_rarefaction_3470_3.txt	3470	3	7.41549	4.17873	6.40624	3.94835	2.03106	2.76615
alpha_rarefaction_3470_4.txt	3470	4	7.42696	4.1763	6.72015	3.94835	2.03106	2.59985
alpha_rarefaction_3470_5.txt	3470	5	7.46579	4.18689	6.74379	3.94835	2.03106	3.05961
alpha_rarefaction_3470_6.txt	3470	6	7.31213	4.00336	6.80031	3.94457	2.02344	2.75414
alpha_rarefaction_3470_7.txt	3470	7	7.45795	4.19075	6.90008	3.94835	2.03106	3.15839
alpha_rarefaction_3470_8.txt	3470	8	7.31485	4.19046	6.80383	3.93699	2.03106	3.06499
alpha_rarefaction_3470_9.txt	3470	9	7.48647	4.18707	6.80312	3.94835	2.03106	2.40228