	sequences per sample	iteration	D1af	D3af	D5bf	D1bf	C12	C11
alpha_rarefaction_10_0.txt	10	0	0.72	0.18	0.64	0.62	0.0	0.0
alpha_rarefaction_10_1.txt	10	1	0.8	0.48	0.76	0.74	0.0	0.18
alpha_rarefaction_10_2.txt	10	2	0.58	0.18	0.7	0.76	0.18	0.18
alpha_rarefaction_10_3.txt	10	3	0.48	0.68	0.48	0.64	0.0	0.0
alpha_rarefaction_10_4.txt	10	4	0.58	0.64	0.78	0.56	0.0	0.18
alpha_rarefaction_10_5.txt	10	5	0.58	0.48	0.7	0.64	0.18	0.0
alpha_rarefaction_10_6.txt	10	6	0.78	0.48	0.68	0.64	0.0	0.0
alpha_rarefaction_10_7.txt	10	7	0.48	0.0	0.68	0.8	0.32	0.0
alpha_rarefaction_10_8.txt	10	8	0.74	0.48	0.82	0.58	0.0	0.18
alpha_rarefaction_10_9.txt	10	9	0.54	0.48	0.7	0.58	0.0	0.0
alpha_rarefaction_356_0.txt	356	0	0.766049109961	0.359960863527	0.774034212852	0.770515086479	0.0873942684005	0.154888902916
alpha_rarefaction_356_1.txt	356	1	0.765386314859	0.404715313723	0.738795606615	0.740910238606	0.114016538316	0.189764549931
alpha_rarefaction_356_2.txt	356	2	0.794470395152	0.376404494382	0.73186781972	0.742204267138	0.087552076758	0.154967807095
alpha_rarefaction_356_3.txt	356	3	0.767422042671	0.369524049994	0.724198333544	0.73450321929	0.129181921475	0.189196439843
alpha_rarefaction_356_4.txt	356	4	0.789972856963	0.430232925136	0.72306211337	0.728111980811	0.0819183183941	0.134073980558
alpha_rarefaction_356_5.txt	356	5	0.716986491605	0.379213483146	0.770451963136	0.738022345663	0.0765528342381	0.164815048605
alpha_rarefaction_356_6.txt	356	6	0.756880444388	0.361428481252	0.714572023734	0.735260699407	0.129292387325	0.189796111602
alpha_rarefaction_356_7.txt	356	7	0.777648024239	0.404888902916	0.713814543618	0.750899507638	0.0818867567226	0.134026638051
alpha_rarefaction_356_8.txt	356	8	0.767927029415	0.408344905946	0.741762403737	0.748279888903	0.139691958086	0.155599040525
alpha_rarefaction_356_9.txt	356	9	0.765260068173	0.470884358036	0.788378992551	0.732483272314	0.0712504734251	0.180232925136
alpha_rarefaction_702_0.txt	702	0	0.774125210023	0.372009967452	0.762010860301	0.724969764856	0.101590084496	0.151691138871
alpha_rarefaction_702_1.txt	702	1	0.77155217896	0.397967548965	0.733987548802	0.736126330143	0.0940576781033	0.200452918402
alpha_rarefaction_702_2.txt	702	2	0.780403568153	0.447110818906	0.764547365687	0.740375483965	0.10486522025	0.185124309056
alpha_rarefaction_702_3.txt	702	3	0.746467155299	0.371648769085	0.724555807177	0.746824295257	0.096687526887	0.131102831958
alpha_rarefaction_702_4.txt	702	4	0.768167466173	0.411323771723	0.735586561797	0.749851868085	0.104739409583	0.14409379794
alpha_rarefaction_702_5.txt	702	5	0.775914968223	0.408357075024	0.73452325874	0.742153066939	0.104873337067	0.115404907428
alpha_rarefaction_702_6.txt	702	6	0.77184438438	0.378844327562	0.765988100746	0.725671869547	0.12068083863	0.192380743663
alpha_rarefaction_702_7.txt	702	7	0.772538372253	0.428689702194	0.719770943418	0.758569329794	0.12593241938	0.146825106939
alpha_rarefaction_702_8.txt	702	8	0.773768070064	0.411453640798	0.719405686642	0.740424184869	0.0832988368601	0.164195095819
alpha_rarefaction_702_9.txt	702	9	0.774182027743	0.386973320022	0.724003863605	0.740854376182	0.07511302668	0.172267270558
alpha_rarefaction_1048_0.txt	1048	0	0.784791824486	0.412943957229	0.75203040324	0.751178180176	0.0979983683935	0.169880106054
alpha_rarefaction_1048_1.txt	1048	1	0.777538823495	0.411046486219	0.763333284774	0.736537424975	0.0906743488142	0.140658688305
alpha_rarefaction_1048_2.txt	1048	2	0.780304906474	0.398303202028	0.745926446594	0.732975569606	0.108833255638	0.131628401608
alpha_rarefaction_1048_3.txt	1048	3	0.771012397296	0.386240967892	0.74980151215	0.736258813589	0.105224054542	0.156047870171
alpha_rarefaction_1048_4.txt	1048	4	0.767018967426	0.397409096207	0.764050754618	0.738795451897	0.108647514714	0.152458699959
alpha_rarefaction_1048_5.txt	1048	5	0.770861255172	0.390822577356	0.739576656372	0.750473457258	0.114292582017	0.121101261581
alpha_rarefaction_1048_6.txt	1048	6	0.781275493852	0.414249606666	0.73332519958	0.742639560632	0.10702865509	0.14506912476
alpha_rarefaction_1048_7.txt	1048	7	0.768388351495	0.394664865101	0.735149831012	0.740210360702	0.0925736408135	0.151071105996
alpha_rarefaction_1048_8.txt	1048	8	0.775555765981	0.423075942544	0.748517714585	0.74480835907	0.105240443447	0.152628051978
alpha_rarefaction_1048_9.txt	1048	9	0.774475919235	0.386901987064	0.731018005944	0.746154070276	0.0873583270206	0.136856462327
alpha_rarefaction_1394_0.txt	1394	0	0.77744648617	0.405083067625	0.757028996993	0.739806178972	0.0987785323038	0.157637054892
alpha_rarefaction_1394_1.txt	1394	1	0.765833897684	0.389719004794	0.750054033581	0.745842501889	0.109608920378	0.153044715104
alpha_rarefaction_1394_2.txt	1394	2	0.768435743265	0.398714309533	0.753745813684	0.740215804977	0.0933288596959	0.152649498054
alpha_rarefaction_1394_3.txt	1394	3	0.769608014672	0.404649769765	0.751182048912	0.73887062611	0.112110932486	0.1399706469
alpha_rarefaction_1394_4.txt	1394	4	0.773050725697	0.399483130201	0.755385346916	0.754408625612	0.116245273348	0.150280254174
alpha_rarefaction_1394_5.txt	1394	5	0.781501577781	0.392075898141	0.736941884568	0.746642198889	0.105457082928	0.149488790862
alpha_rarefaction_1394_6.txt	1394	6	0.768708484199	0.397953722554	0.745193069704	0.737234180511	0.104027508753	0.149224283618
alpha_rarefaction_1394_7.txt	1394	7	0.770024845155	0.413701681113	0.731953298519	0.738740945516	0.0933700281386	0.133322972609
alpha_rarefaction_1394_8.txt	1394	8	0.770930550896	0.417189677425	0.742429637985	0.740264177897	0.105572354567	0.162981747971
alpha_rarefaction_1394_9.txt	1394	9	0.77355503912	0.42257862658	0.71917358468	0.745894991653	0.0959399681768	0.160498261663
alpha_rarefaction_1740_0.txt	1740	0	0.7781695072	0.409502576298	0.743031444048	0.748005020478	0.101449993394	0.157281014665
alpha_rarefaction_1740_1.txt	1740	1	0.774416039107	0.392046505483	0.740457127758	0.742278372308	0.0937402563086	0.138666930902
alpha_rarefaction_1740_2.txt	1740	2	0.769575901704	0.413703263311	0.738256704981	0.73767076232	0.103518958911	0.161292112564
alpha_rarefaction_1740_3.txt	1740	3	0.780312458713	0.402160126833	0.748344563351	0.733395428722	0.0959783326727	0.149146518695
alpha_rarefaction_1740_4.txt	1740	4	0.764139252213	0.410079931299	0.737718324746	0.744752279033	0.107776456599	0.147636411679
alpha_rarefaction_1740_5.txt	1740	5	0.775489496631	0.408567181926	0.734028933809	0.743093539437	0.105504029594	0.157193156295
alpha_rarefaction_1740_6.txt	1740	6	0.769905535738	0.403398071079	0.75539437178	0.739736424891	0.103438367023	0.164502576298
alpha_rarefaction_1740_7.txt	1740	7	0.77132183908	0.408880961818	0.745847536002	0.73752146915	0.103439027613	0.144844100938
alpha_rarefaction_1740_8.txt	1740	8	0.765769586471	0.395690976351	0.753761395164	0.741203593605	0.0883637204386	0.164718588981
alpha_rarefaction_1740_9.txt	1740	9	0.762064341393	0.413106751222	0.744740388426	0.745057471264	0.100147971991	0.160334258158
alpha_rarefaction_2086_0.txt	2086	0	0.7727483318	0.402513124524	0.713207899258	0.743759473971	0.101225445811	0.151595947599
alpha_rarefaction_2086_1.txt	2086	1	0.760124337109	0.406096802038	0.746736449636	0.743733735105	0.100296088887	0.142100604036
alpha_rarefaction_2086_2.txt	2086	2	0.771492642821	0.405245121336	0.743716729068	0.739650907433	0.101301283542	0.156143913356
alpha_rarefaction_2086_3.txt	2086	3	0.766468048415	0.391383822571	0.754931061204	0.746927652643	0.103981342999	0.145335427987
alpha_rarefaction_2086_4.txt	2086	4	0.784846058598	0.407169561217	0.753524156386	0.746011624775	0.0931595285743	0.164571093966
alpha_rarefaction_2086_5.txt	2086	5	0.772706965765	0.397059242597	0.749280001177	0.738392001096	0.0986143297461	0.140984640332
alpha_rarefaction_2086_6.txt	2086	6	0.774851564877	0.426076597028	0.752254678728	0.74808268427	0.0975783403763	0.148076617251
alpha_rarefaction_2086_7.txt	2086	7	0.77230157862	0.407450390633	0.744147395457	0.746776436803	0.120000110309	0.15226975435
alpha_rarefaction_2086_8.txt	2086	8	0.775824585949	0.394293233712	0.737334869086	0.743876218115	0.103072669093	0.14395518128
alpha_rarefaction_2086_9.txt	2086	9	0.769506153887	0.412386737498	0.744286201486	0.745256924444	0.0921998365582	0.153856831233
alpha_rarefaction_2432_0.txt	2432	0	0.768321705657	0.400273626861	0.752087030384	0.740773039842	0.102699343187	0.160877174948
alpha_rarefaction_2432_1.txt	2432	1	0.761727879913	0.393684535145	0.74320328731	0.74215098035	0.0972822617296	0.156316952692
alpha_rarefaction_2432_2.txt	2432	2	0.776951840049	0.414882839552	0.741356677956	0.740981675251	0.101953057371	0.14426817326
alpha_rarefaction_2432_3.txt	2432	3	0.765286516945	0.390054887682	0.766259021706	0.744939999567	0.104217275688	0.169493783544
alpha_rarefaction_2432_4.txt	2432	4	0.782683396273	0.409578698494	0.754381681743	0.746472810444	0.105750762855	0.14890650699
alpha_rarefaction_2432_5.txt	2432	5	0.781709200788	0.413275974939	0.739246991863	0.741206879761	0.102740596866	0.159206739093
alpha_rarefaction_2432_6.txt	2432	6	0.772937045533	0.405257544689	0.739836716586	0.741753660081	0.10349567445	0.149576710202
alpha_rarefaction_2432_7.txt	2432	7	0.769678004891	0.398764824273	0.72714309481	0.741241032397	0.102693256579	0.144394639456
alpha_rarefaction_2432_8.txt	2432	8	0.774695399065	0.410656366322	0.748294397074	0.741716125995	0.103573109635	0.145212273849
alpha_rarefaction_2432_9.txt	2432	9	0.764856734765	0.411971073732	0.735691398135	0.739155354592	0.101125954921	0.169291234743
alpha_rarefaction_2778_0.txt	2778	0	0.774415454971	0.415079450231	0.744656539788	0.744041038272	0.101139468238	0.152312134684
alpha_rarefaction_2778_1.txt	2778	1	0.775141098863	0.405039907822	0.753120398316	0.745888061137	0.105132064597	0.157595340537
alpha_rarefaction_2778_2.txt	2778	2	0.777960225385	0.422373985459	0.755864109705	0.744160251197	0.105160572035	0.163216489117
alpha_rarefaction_2778_3.txt	2778	3	0.774060666939	0.401861846733	0.737948998637	0.743522980365	0.0990934116199	0.143966970763
alpha_rarefaction_2778_4.txt	2778	4	0.773934456734	0.408417261824	0.756040596666	0.744628550666	0.104495830398	0.155016713134
alpha_rarefaction_2778_5.txt	2778	5	0.772072661833	0.416968975095	0.733797538098	0.739831526221	0.0970924485868	0.166214435027
alpha_rarefaction_2778_6.txt	2778	6	0.766157109159	0.386369090473	0.747208733021	0.742251030285	0.10043248376	0.160069267893
alpha_rarefaction_2778_7.txt	2778	7	0.763450198282	0.409702947306	0.750268099502	0.740790671951	0.103087822089	0.151485678122
alpha_rarefaction_2778_8.txt	2778	8	0.779417992133	0.403308987981	0.742912662019	0.745114991233	0.0976924005907	0.161229261486
alpha_rarefaction_2778_9.txt	2778	9	0.772227120318	0.409824751817	0.747530867077	0.742104605714	0.10244459061	0.14735935596
alpha_rarefaction_3124_0.txt	3124	0	0.771458749002	0.411926746136	0.74857716313	0.744552520571	0.102285023141	0.153448745084
alpha_rarefaction_3124_1.txt	3124	1	0.775336660868	0.404269084417	0.74232963255	0.74456133261	0.101692157367	0.153966401131
alpha_rarefaction_3124_2.txt	3124	2	0.776071543918	0.397680548429	0.74590117237	0.744109459457	0.10408698261	0.166545688987
alpha_rarefaction_3124_3.txt	3124	3	0.774595424953	0.409897313107	0.749982170991	0.741098406292	0.102269038512	0.141476873112
alpha_rarefaction_3124_4.txt	3124	4	0.770469546414	0.395587381816	0.750376868357	0.744181800148	0.100482243947	0.16229213835
alpha_rarefaction_3124_5.txt	3124	5	0.779809077957	0.40647434836	0.74643932153	0.744569529855	0.100467693836	0.163118420686
alpha_rarefaction_3124_6.txt	3124	6	0.76877702017	0.404906420247	0.736062018719	0.745259942849	0.100491465848	0.159994245534
alpha_rarefaction_3124_7.txt	3124	7	0.771076142573	0.407669301808	0.740636901376	0.743894486697	0.10529484672	0.160228481821
alpha_rarefaction_3124_8.txt	3124	8	0.766413959253	0.405285952708	0.735534525978	0.741978380585	0.101719208277	0.154094892952
alpha_rarefaction_3124_9.txt	3124	9	0.773054342819	0.406280278575	0.732365470907	0.74342744864	0.102903505306	0.144151634285
alpha_rarefaction_3470_0.txt	3470	0	0.770729098323	0.406917257016	0.747066249201	0.743690421812	0.101601209212	0.152444584707
alpha_rarefaction_3470_1.txt	3470	1	0.774529146492	0.41384946308	0.742446494863	0.743909176224	0.101601209212	0.163946050544
alpha_rarefaction_3470_2.txt	3470	2	0.773438198141	0.40355455157	0.747559235605	0.74372663173	0.101601209212	0.152410866297
alpha_rarefaction_3470_3.txt	3470	3	0.769161939722	0.406762949613	0.742513599482	0.743576809043	0.100510260861	0.138353777542
alpha_rarefaction_3470_4.txt	3470	4	0.775324768082	0.409709074903	0.747138669036	0.743842902109	0.101067860376	0.148133445174
alpha_rarefaction_3470_5.txt	3470	5	0.769442483535	0.406968748183	0.743997541712	0.744001195924	0.101601209212	0.156782134226
alpha_rarefaction_3470_6.txt	3470	6	0.768275793338	0.401792723135	0.74641795879	0.743487779153	0.100521555698	0.147244807282
alpha_rarefaction_3470_7.txt	3470	7	0.763348919101	0.408299213514	0.742833675224	0.743440440499	0.101601209212	0.155930868955
alpha_rarefaction_3470_8.txt	3470	8	0.769881653365	0.405221536596	0.739850177312	0.743012399405	0.101601209212	0.170687739289
alpha_rarefaction_3470_9.txt	3470	9	0.765337973075	0.407030703685	0.753655291548	0.743748390901	0.101601209212	0.15655607139