# Constructed from biom file
#OTU ID	MN12	MN13	MN15	MT209	MT210	MT213	SM2	SM4	SM5	T1	T2	T9	TL1	TL2	TL3	TS4	TS6	TS8
Unassigned;Other;Other;Other;Other	0.0052780395853	0.0135058017881	0.0317651184929	0.00758542812255	0.000251414204903	0.01045832596	0.00110545035086	0.00601766890017	0.000257624062087	0.000297825871141	0.00153877718506	0.00205436156764	0.00985382711437	0.00990147541787	0.0175008413866	0.00481625969272	0.00842539895101	0.00109306683323
k__Bacteria;p__Acidobacteria;c__DA052;o__Ellin6513;f__	0.0	0.0	0.0	0.0	0.0	8.84799150593e-05	0.0	0.0	9.66090232828e-05	0.000670108210067	0.00148748461223	9.4816687737e-05	0.000934012048755	0.0	0.0033655464205	0.0	0.000223189376186	0.000468457214241
k__Bacteria;p__Acidobacteria;c__Solibacteres;o__Solibacterales;f__	0.0	0.0	0.0	0.0	0.000100565681961	0.0	0.0	4.26785028381e-05	3.22030077609e-05	0.000322644693736	0.0	0.001201011378	0.00168122168776	4.9017205039e-05	0.00033655464205	0.000288975581563	5.57973440464e-05	7.80762023735e-05
k__Bacteria;p__Actinobacteria;c__Acidimicrobiia;o__Acidimicrobiales;f__OCS155	0.0	0.0	0.000100205421113	0.0	0.0	0.0	9.61261174661e-05	0.000128035508514	3.22030077609e-05	4.96376451901e-05	0.00205170291342	0.000252844500632	0.00214822771214	0.000833292485662	9.61584691572e-05	0.00101141453547	0.000223189376186	0.0
k__Bacteria;p__Armatimonadetes;c__[Fimbriimonadia];o__[Fimbriimonadales];f__[Fimbriimonadaceae]	4.71253534402e-05	6.34075201319e-05	5.01027105566e-05	0.0	5.02828409805e-05	0.0	2.40315293665e-05	0.00183517562204	0.0	0.00322644693736	0.00584735330324	0.00869152970923	0.0105076355485	0.00583304739964	0.00855810375499	0.000481625969272	0.000167392032139	0.0
k__Bacteria;p__Bacteroidetes;c__Bacteroidia;o__Bacteroidales;f__	0.00221489161169	0.00114133536237	0.0	0.0	0.0	0.0	0.0	0.0	0.0	0.0	0.0	0.0	0.0	0.0	0.00341362565508	0.0	0.0	0.0
k__Bacteria;p__Bacteroidetes;c__Cytophagia;o__Cytophagales;f__	0.0	0.0	0.0	0.0	0.0	0.0	0.0	0.0	0.0	0.0	0.00205170291342	0.0	0.0	0.0	0.0	0.0	0.0	0.0
k__Bacteria;p__Bacteroidetes;c__Cytophagia;o__Cytophagales;f__Flammeovirgaceae	0.000424128180961	0.000126815040264	0.000100205421113	0.0	0.0	0.0	7.20945880996e-05	0.0	0.0	0.0050382209868	0.00687320475995	6.3211125158e-05	0.00649138373885	4.9017205039e-05	0.0	0.00101141453547	0.0	0.000468457214241
k__Bacteria;p__Bacteroidetes;c__Cytophagia;o__Cytophagales;f__[Amoebophilaceae]	0.0	0.0	0.0	0.0	0.0	0.0	0.0	0.0	0.0	0.0	0.0	0.0	0.000373604819502	0.00166658497132	0.00346170488966	0.0	0.0	0.0
k__Bacteria;p__Bacteroidetes;c__Flavobacteriia;o__Flavobacteriales;f__	0.0	0.000253630080528	0.00210431384338	0.0	0.0	0.0	0.0	0.0	0.0	0.0	0.0	0.0	0.0	0.00137248174109	0.0	0.0	0.0	0.0
k__Bacteria;p__Bacteroidetes;c__Flavobacteriia;o__Flavobacteriales;f__Cryomorphaceae	0.0	0.0	0.0	0.0	0.0	0.0	0.0	0.0	0.0	0.000967934081207	0.000769388592532	6.3211125158e-05	0.00354924578527	0.000294103230234	0.00947160921198	0.0	0.0	0.0
k__Bacteria;p__Bacteroidetes;c__Flavobacteriia;o__Flavobacteriales;f__Flavobacteriaceae	0.00442978322337	0.0	0.00460944937121	0.0	0.0	0.0	0.0	0.00524945584909	0.0	0.000595651742281	0.000461633155519	0.0	0.000513706626815	0.00191167099652	0.000384633876629	4.81625969272e-05	0.000167392032139	7.80762023735e-05
k__Bacteria;p__Bacteroidetes;c__Flavobacteriia;o__Flavobacteriales;f__NS9	0.0	0.0	0.0	0.0	0.0	0.0	0.0	0.00115231957663	0.0	0.0	0.0	0.0	0.0	0.00117641292094	0.00509639886533	0.0	5.57973440464e-05	0.000234228607121
k__Bacteria;p__Bacteroidetes;c__[Rhodothermi];o__[Rhodothermales];f__Rhodothermaceae	0.0	0.0	0.0	0.0	0.0	0.0	0.0	0.0	0.0	0.0	0.0	0.0	0.00168122168776	0.0	0.0	0.0	0.0	0.0
k__Bacteria;p__Bacteroidetes;c__[Rhodothermi];o__[Rhodothermales];f__[Balneolaceae]	0.0	0.0	0.0	0.0	0.0	0.0	0.0	0.0	0.0	0.0	0.0	0.0	0.0	4.9017205039e-05	0.00451944805039	0.0	0.0	0.0
k__Bacteria;p__Bacteroidetes;c__[Saprospirae];o__[Saprospirales];f__Chitinophagaceae	0.000659754948162	0.000634075201319	0.00090184879002	0.0333611547526	0.00492771841609	0.0390019465581	0.00519081034317	0.0238146045837	0.000805075194023	0.0858731261789	0.127872384079	0.108565107459	0.246532480269	0.16974658105	0.235732487139	0.0204691036941	0.00351523267492	0.00499687695191
k__Bacteria;p__Chloroflexi;c__Anaerolineae;o__S0208;f__	0.0	0.0	0.0	0.0	0.0	0.0	0.0	0.0	0.0	0.0	0.0	0.00116940581542	0.0	0.0	0.0	0.0	0.0	0.0
k__Bacteria;p__Chloroflexi;c__Ktedonobacteria;o__Thermogemmatisporales;f__Thermogemmatisporaceae	9.42507068803e-05	0.0	0.0	0.00387863315004	0.000201131363922	0.000106175898071	0.000504662116697	0.0014510690965	0.000418639100892	0.00290380224362	0.000923266311038	0.0109671302149	0.0184000373605	0.0207342777315	0.0244723304005	0.000674276356981	0.0	7.80762023735e-05
k__Bacteria;p__Cyanobacteria;c__4C0d-2;o__MLE1-12;f__	4.71253534402e-05	0.000126815040264	0.000250513552783	0.00886194029851	0.00145820238843	0.00132719872589	0.000336441411131	0.00439588579233	0.000128812031044	0.0136503524273	0.0156442347148	0.0200379266751	0.0518843693084	0.0329885789912	0.0433193903553	0.0070799017483	0.000948554848789	0.000780762023735
k__Bacteria;p__Cyanobacteria;c__Chloroplast;o__;f__	0.0	0.0	0.0	0.0	0.0	0.0	0.0	0.0	0.0	0.0	0.00143619203939	0.001201011378	0.0	0.0	0.0	0.0	0.0	0.0
k__Bacteria;p__Cyanobacteria;c__Chloroplast;o__CAB-I;f__	0.0	6.34075201319e-05	0.0	0.0	0.0	5.30879490356e-05	9.61261174661e-05	0.0	0.0	0.000347463516331	0.0	0.000189633375474	0.0	9.80344100779e-05	0.0	4.81625969272e-05	5.57973440464e-05	0.0
k__Bacteria;p__Cyanobacteria;c__Chloroplast;o__Cercozoa;f__	0.0	0.0	0.0	0.0	0.0	0.00102636701469	0.0	0.0	0.0	0.0	0.0	0.0	0.0	0.0	0.0	0.0	0.0	0.0
k__Bacteria;p__Cyanobacteria;c__Chloroplast;o__Chlorophyta;f__Mamiellaceae	0.0	0.0	0.0	0.0	0.0	0.0	0.0	0.0	0.0	0.0	0.0	0.0	0.000747209639004	0.0	0.00461560651954	0.00086692674469	0.0	0.0
k__Bacteria;p__Cyanobacteria;c__Chloroplast;o__Chlorophyta;f__Ulvophyceae	0.0	0.0	0.0	0.0	2.51414204903e-05	0.0	0.0	0.0	0.0	0.00131539759754	0.0	0.0	0.0126091626582	0.00196068820156	0.0	0.00134855271396	5.57973440464e-05	7.80762023735e-05
k__Bacteria;p__Cyanobacteria;c__Chloroplast;o__Haptophyceae;f__	0.0	0.0	0.0	0.0	0.0	0.0	0.0	0.00153642610217	0.0	0.0	0.000974558883874	0.0	0.00779900060711	0.00426449683839	0.00418289340834	0.0	0.0	0.0
k__Bacteria;p__Cyanobacteria;c__Chloroplast;o__Stramenopiles;f__	0.0	0.0	0.0	0.000564611154753	0.0	5.30879490356e-05	0.0	0.000256071017029	0.0	0.00511267745458	0.00610381616742	0.00306573957016	0.000140101807313	0.00392137640312	0.0	0.0010595771324	0.0	0.0
k__Bacteria;p__Cyanobacteria;c__Chloroplast;o__Streptophyta;f__	0.0	0.0	0.0	0.0	0.000678818353237	1.76959830119e-05	0.0	0.0	0.0	0.0	0.0	0.0	0.0	0.000392137640312	0.00125006009904	0.0	0.0	0.0
k__Bacteria;p__Cyanobacteria;c__ML635J-21;o__;f__	0.0	0.0	0.0	0.0	0.0	0.0	0.0	0.00136571209082	0.0	0.0	0.0	0.0	0.0	0.0	0.0	0.0	0.0	0.0
k__Bacteria;p__Firmicutes;c__Clostridia;o__Clostridiales;f__Clostridiaceae	0.0183317624882	0.00317037600659	0.0018538002906	0.0	0.0	0.0	2.40315293665e-05	0.0	0.0	0.0	0.0	0.0	0.0	0.0	0.000144237703736	0.0	0.0	0.0
k__Bacteria;p__Firmicutes;c__Clostridia;o__Clostridiales;f__Lachnospiraceae	0.0101790763431	6.34075201319e-05	0.00776592013628	0.0	0.0	0.0	0.0	0.0	0.0	0.0	0.0	0.0	0.0	0.0	0.0	0.0	0.0	0.0
k__Bacteria;p__Firmicutes;c__Clostridia;o__Clostridiales;f__Peptostreptococcaceae	0.00193213949105	0.0	0.0	0.0	0.0	0.0	0.0	0.0	0.0	0.0	0.0	0.0	0.0	0.0	0.0	0.0	0.0	0.0
k__Bacteria;p__Firmicutes;c__Clostridia;o__Clostridiales;f__[Acidaminobacteraceae]	0.0955230914232	0.268340625198	0.0299614209129	0.0	0.0	0.0	4.80630587331e-05	0.0	3.22030077609e-05	0.0	0.0	0.0	0.0	9.80344100779e-05	9.61584691572e-05	0.0	0.0	0.0
k__Bacteria;p__Fusobacteria;c__Fusobacteriia;o__Fusobacteriales;f__Fusobacteriaceae	0.00108388312912	0.0	5.01027105566e-05	0.0	0.0	0.0	0.0	0.0	0.0	0.0	0.0	0.0	0.0	0.0	0.000721188518679	0.0	0.0	0.0
k__Bacteria;p__Gemmatimonadetes;c__Gemm-2;o__;f__	0.0	0.0	0.0	0.0	0.0	0.0	0.0	0.00128035508514	0.0	0.0	0.0	0.0	0.0	0.0	0.0	0.0	0.0	0.0
k__Bacteria;p__Lentisphaerae;c__[Lentisphaeria];o__Lentisphaerales;f__	0.0	0.00177541056369	0.0	0.0	0.0	0.0	0.0	0.0	0.0	0.0	0.00164136233073	0.0	0.0	0.0	0.0	0.0	0.0	0.0
k__Bacteria;p__Lentisphaerae;c__[Lentisphaeria];o__Lentisphaerales;f__Arctic95B-10	0.0	0.0	0.0	0.0	0.0	0.0	0.0	0.0	0.0	0.00109202819418	0.0	0.0	0.0	0.0	0.0	0.0	0.0	0.0
k__Bacteria;p__Lentisphaerae;c__[Lentisphaeria];o__Lentisphaerales;f__Lentisphaeraceae	0.0191800188501	0.147612706867	0.428528483391	0.0	5.02828409805e-05	3.53919660237e-05	9.61261174661e-05	0.0	6.44060155218e-05	0.000471557629306	0.0	0.0	0.0	0.00323513553257	9.61584691572e-05	0.0	0.0	0.0
k__Bacteria;p__Planctomycetes;c__BD7-11;o__;f__	0.0	0.0	0.0	0.0	0.0	0.00176959830119	9.61261174661e-05	0.000341428022705	0.0	0.000521195274496	0.00451374640952	0.00568900126422	0.000467006024378	0.00049017205039	0.00841386605125	0.00173385348938	0.0	0.0
k__Bacteria;p__Planctomycetes;c__Planctomycetia;o__Gemmatales;f__Gemmataceae	4.71253534402e-05	0.0	0.000100205421113	0.000785545954438	0.0	0.000141567864095	0.000120157646833	4.26785028381e-05	0.0	0.00129057877494	0.000666803446861	0.00116940581542	0.0017279222902	0.0011273957159	0.00168277321025	0.000192650387709	0.000111594688093	0.0
k__Bacteria;p__Planctomycetes;c__Planctomycetia;o__Gemmatales;f__Isosphaeraceae	0.0	0.0	0.0	0.0	0.0	0.0	0.0	0.0	0.0	0.000297825871141	0.00112843660238	3.1605562579e-05	0.0	0.0	0.0	0.000288975581563	0.0	0.0
k__Bacteria;p__Planctomycetes;c__Planctomycetia;o__Pirellulales;f__Pirellulaceae	0.0	0.0	0.0	0.0	0.0	0.0	0.0	0.0	0.0	0.0	0.00153877718506	0.0	0.0	0.0	0.0	0.0	0.0	0.0
k__Bacteria;p__Proteobacteria;c__Alphaproteobacteria;o__;f__	9.42507068803e-05	0.0	5.01027105566e-05	0.0120041241163	0.00228786926461	0.00430012387188	4.80630587331e-05	0.0	0.0	0.00218405638836	0.0015900697579	0.00176991150442	0.000233503012189	0.00705847752561	0.00543295350738	0.000240812984636	0.000278986720232	0.0
k__Bacteria;p__Proteobacteria;c__Alphaproteobacteria;o__Caulobacterales;f__Caulobacteraceae	4.71253534402e-05	0.0	0.0	7.36449332286e-05	7.54242614708e-05	0.00132719872589	0.0	4.26785028381e-05	0.0	0.000124094112975	0.000410340582684	0.000221238938053	0.000326904217064	9.80344100779e-05	4.80792345786e-05	4.81625969272e-05	5.57973440464e-05	0.000156152404747
k__Bacteria;p__Proteobacteria;c__Alphaproteobacteria;o__Ellin329;f__	0.000612629594722	0.000190222560396	0.00165338944837	0.0333611547526	0.00512884978001	0.0151300654751	0.0122801115063	0.0183944347232	0.00164235339581	0.0777573711903	0.0865818629462	0.0623577749684	0.19483491337	0.153129748542	0.288908120583	0.0332321918798	0.00474277424395	0.0131948782011
k__Bacteria;p__Proteobacteria;c__Alphaproteobacteria;o__Kiloniellales;f__	0.000329877474081	0.00386785872805	0.00270554637006	0.0	0.0	0.0	0.0	0.0	0.0	0.000868658790827	0.0	0.0	0.0	0.0	0.0	4.81625969272e-05	0.0	0.0
k__Bacteria;p__Proteobacteria;c__Alphaproteobacteria;o__Kiloniellales;f__Kiloniellaceae	0.000612629594722	0.00221926320462	0.00100205421113	0.0	0.0	0.0	0.0	8.53570056762e-05	0.0	0.0	0.00112843660238	0.0	0.0	0.0	0.0	0.0	5.57973440464e-05	0.0
k__Bacteria;p__Proteobacteria;c__Alphaproteobacteria;o__Rhizobiales;Other	0.00122525918944	0.000126815040264	0.0	0.0	0.0	0.0	0.0	4.26785028381e-05	0.0	0.0	0.0	3.1605562579e-05	0.0	0.0	9.61584691572e-05	0.0	0.0	0.0
k__Bacteria;p__Proteobacteria;c__Alphaproteobacteria;o__Rhizobiales;f__Beijerinckiaceae	0.0	0.0	0.0	0.00115377062058	0.0	1.76959830119e-05	2.40315293665e-05	0.000768213051086	0.0	0.0	0.0	0.0	0.0	0.00274496348218	0.00158661474109	0.000337138178491	0.0	0.0
k__Bacteria;p__Proteobacteria;c__Alphaproteobacteria;o__Rhizobiales;f__Bradyrhizobiaceae	4.71253534402e-05	6.34075201319e-05	5.01027105566e-05	0.0502012961508	0.0160402262728	0.0300477791541	0.00100932423339	0.00102428406811	0.000611857147458	0.00513749627718	0.0228764874846	0.00749051833123	0.0408163265306	0.0101955786481	0.0252896773883	0.00308240620334	0.000223189376186	0.000936914428482
k__Bacteria;p__Proteobacteria;c__Alphaproteobacteria;o__Rhizobiales;f__Hyphomicrobiaceae	0.00372290292177	0.00824297761715	0.00030061626334	0.00218479968578	0.000301697045883	0.000176959830119	9.61261174661e-05	0.000384106525543	9.66090232828e-05	0.00260597637248	0.00856585966352	0.00540455120101	0.0177929295288	0.0141169550512	0.0161546228184	0.00173385348938	0.000223189376186	0.000858838226109
k__Bacteria;p__Proteobacteria;c__Alphaproteobacteria;o__Rhizobiales;f__Methylobacteriaceae	0.0	0.0	5.01027105566e-05	0.00542517674784	2.51414204903e-05	0.0	0.0	0.0	0.0	0.0	0.0	0.000916561314791	0.0	0.0	0.0	0.0	0.0	0.0
k__Bacteria;p__Proteobacteria;c__Alphaproteobacteria;o__Rhizobiales;f__Methylocystaceae	4.71253534402e-05	0.0	0.0	0.00117831893166	0.0	0.000583967439391	0.000216283764299	0.000384106525543	0.0	0.000645289387471	0.00394952810833	3.1605562579e-05	4.67006024378e-05	0.0	0.00466368575412	0.0	0.0	0.000702685821362
k__Bacteria;p__Proteobacteria;c__Alphaproteobacteria;o__Rhodobacterales;f__Hyphomonadaceae	0.0	0.0	0.0	0.0	0.0	0.0	0.0	0.0	0.0	0.0	0.0	0.00322376738306	0.0	0.0	0.0	0.0	0.0	0.0053091817614
k__Bacteria;p__Proteobacteria;c__Alphaproteobacteria;o__Rhodobacterales;f__Rhodobacteraceae	0.0359566446748	0.050979646186	0.0201412896438	0.0	0.0	0.0	0.0	0.00153642610217	0.0	0.000893477613422	0.00200041034058	0.000884955752212	0.00205482650726	0.000343120435273	0.000144237703736	0.0	0.000111594688093	0.000390381011868
k__Bacteria;p__Proteobacteria;c__Alphaproteobacteria;o__Rhodospirillales;f__Acetobacteraceae	9.42507068803e-05	0.000126815040264	0.0	0.000859190887667	0.000452545568825	0.0	0.000192252234932	0.00110964107379	0.000193218046566	0.000570832919686	0.000256462864177	0.00284450063211	0.00084061084388	0.00936228616244	0.00600990432232	4.81625969272e-05	0.0	7.80762023735e-05
k__Bacteria;p__Proteobacteria;c__Alphaproteobacteria;o__Rhodospirillales;f__Rhodospirillaceae	0.000848256361923	0.000317037600659	0.00105215692169	0.0276659465829	0.0173978629793	0.0471774907096	0.0050225896376	0.0182663992147	0.00141693234148	0.0469820311724	0.0943783340172	0.0642541087231	0.0965768458413	0.121366599676	0.181931823645	0.0235515098974	0.00195290704162	0.00468457214241
k__Bacteria;p__Proteobacteria;c__Alphaproteobacteria;o__Rickettsiales;f__	0.0	0.0	0.0	0.00139925373134	0.00140791954745	0.00260130950274	0.0	0.0	0.0	0.0	0.0	0.000790139064475	0.00149441927801	4.9017205039e-05	0.0	0.0	0.0	7.80762023735e-05
k__Bacteria;p__Proteobacteria;c__Alphaproteobacteria;o__Rickettsiales;f__Pelagibacteraceae	4.71253534402e-05	0.0	0.0	0.0	0.000276555625393	0.0	7.20945880996e-05	0.000640177542572	3.22030077609e-05	0.00379727985704	0.00282109150595	0.00139064475348	0.0049502638584	0.00352923876281	0.00182701091399	0.00279343062178	0.000390581408325	0.00179575265459
k__Bacteria;p__Proteobacteria;c__Alphaproteobacteria;o__Sphingomonadales;f__Sphingomonadaceae	0.0	0.0	0.0	0.0014483503535	0.0	0.000796319235534	0.0	0.0	0.0	0.0	0.0	3.1605562579e-05	0.0	0.0	0.0	0.0	0.0	0.0
k__Bacteria;p__Proteobacteria;c__Betaproteobacteria;o__Burkholderiales;f__Burkholderiaceae	4.71253534402e-05	0.0	0.0	0.0019638648861	0.000477686989315	0.00260130950274	0.000408535999231	0.00157910460501	0.000193218046566	0.00171249875906	0.000974558883874	0.00448798988622	0.0152710969972	0.007548649576	0.00903889610077	0.00101141453547	0.0	0.000390381011868
k__Bacteria;p__Proteobacteria;c__Betaproteobacteria;o__Burkholderiales;f__Comamonadaceae	0.0	0.0	0.0	0.0	0.0	0.0	0.0	0.0	0.0	0.0	0.0	0.0	0.00205482650726	0.0	0.0	0.0	0.0	0.0
k__Bacteria;p__Proteobacteria;c__Betaproteobacteria;o__Burkholderiales;f__Oxalobacteraceae	0.0	0.0	0.0	0.0	0.0	0.00364537250044	0.0	0.0	0.0	0.0	0.0	0.0	0.0	0.0	0.0	0.0	0.0	0.0
k__Bacteria;p__Proteobacteria;c__Deltaproteobacteria;o__;f__	0.012959472196	0.0244753027709	0.00225462197505	0.0	0.0	0.0	0.0	0.0	0.0	0.0	0.0	0.0	0.0	0.0	0.0	0.0	0.0	0.0
k__Bacteria;p__Proteobacteria;c__Deltaproteobacteria;o__Bdellovibrionales;f__Bacteriovoracaceae	0.00174363807729	0.0	0.00090184879002	0.0	0.0	0.0	0.0	0.0	0.0	0.0	0.0	0.0	0.0	0.0	0.0	0.0	0.0	0.0
k__Bacteria;p__Proteobacteria;c__Deltaproteobacteria;o__Myxococcales;f__	0.0	0.0	5.01027105566e-05	0.000147289866457	2.51414204903e-05	0.00132719872589	0.0	8.53570056762e-05	0.0	0.000719745855257	0.0	3.1605562579e-05	0.00121421566338	4.9017205039e-05	0.000865426222415	0.0	0.0	0.0
k__Bacteria;p__Proteobacteria;c__Deltaproteobacteria;o__Spirobacillales;f__	0.0	0.0	0.0	0.0	0.0	0.0	0.0	0.0	0.0	0.0	0.0	0.0	0.00219492831458	4.9017205039e-05	0.0	0.0	0.0	0.0
k__Bacteria;p__Proteobacteria;c__Deltaproteobacteria;o__Sva0853;f__	0.0	0.0	0.0	0.0	0.0	0.0	0.000288378352398	0.000512142034057	6.44060155218e-05	0.0	0.00138489946656	0.0	0.0	0.0	0.0	0.0	0.0	0.0
k__Bacteria;p__Proteobacteria;c__Epsilonproteobacteria;o__Campylobacterales;f__	0.0	0.0	0.0	0.0	0.0	0.0	0.0	0.000170714011352	0.0	0.00315199046957	0.0	3.1605562579e-05	0.0	0.0	0.00163469397567	0.0	0.0	0.0
k__Bacteria;p__Proteobacteria;c__Epsilonproteobacteria;o__Campylobacterales;f__Campylobacteraceae	0.444769085768	0.411451398136	0.170249010471	4.90966221524e-05	0.000201131363922	5.30879490356e-05	4.80630587331e-05	0.000341428022705	0.0	0.000421919984116	0.00276979893311	0.0	0.0	0.000588206460468	0.000240396172893	0.0	0.000111594688093	0.0011711430356
k__Bacteria;p__Proteobacteria;c__Gammaproteobacteria;o__;f__	0.0164467483506	0.00272652336567	0.0479482940027	0.0	0.0	0.000159263847107	0.000120157646833	0.000512142034057	3.22030077609e-05	0.225106720937	0.0552933935166	0.0229772439949	0.0	4.9017205039e-05	0.0	0.000288975581563	0.000334784064279	0.00179575265459
k__Bacteria;p__Proteobacteria;c__Gammaproteobacteria;o__Alteromonadales;f__	0.0	0.0	0.0	0.0	0.0	0.0	0.0	0.0	0.0	0.0	0.0	0.0	0.0	0.00357825596784	0.0	0.0	0.0	0.0
k__Bacteria;p__Proteobacteria;c__Gammaproteobacteria;o__Alteromonadales;f__Alteromonadaceae	0.00136663524976	0.00114133536237	0.00205421113282	0.0	0.0	0.0	0.000408535999231	0.00781016601938	0.0	0.00121612230716	5.12925728355e-05	0.001201011378	0.0	0.0	0.000769267753257	0.00606848721283	0.0290146189041	0.0940037476577
k__Bacteria;p__Proteobacteria;c__Gammaproteobacteria;o__Alteromonadales;f__Colwelliaceae	0.00174363807729	0.00253630080528	0.0135277318503	0.0	0.0	0.0	0.0	0.0138705134224	0.0	0.000347463516331	0.00215428805909	0.00252844500632	0.0	0.000686240870546	9.61584691572e-05	0.00139671531089	0.0	0.000624609618988
k__Bacteria;p__Proteobacteria;c__Gammaproteobacteria;o__Alteromonadales;f__Ferrimonadaceae	4.71253534402e-05	0.000126815040264	0.0	0.0	0.0	0.0	0.0	0.0	0.0	0.0	0.00169265490357	0.000126422250316	0.0	0.0	0.0	0.0	0.0	0.0
k__Bacteria;p__Proteobacteria;c__Gammaproteobacteria;o__Alteromonadales;f__Shewanellaceae	0.00014137606032	0.0	0.0	0.0	0.0	0.0	0.0	0.0	0.0	0.000421919984116	0.000615510874025	0.000221238938053	0.0	0.0	0.0	0.0	0.0	0.000156152404747
k__Bacteria;p__Proteobacteria;c__Gammaproteobacteria;o__Chromatiales;f__	0.0	6.34075201319e-05	0.0	0.0	0.0	3.53919660237e-05	4.80630587331e-05	0.000938927062439	0.0	2.48188225951e-05	0.0	0.0130214917826	0.00177462289264	4.9017205039e-05	0.0	0.0	0.0	0.00804184884447
k__Bacteria;p__Proteobacteria;c__Gammaproteobacteria;o__Legionellales;f__Francisellaceae	0.0	0.0	0.0	0.0	0.0	0.0	0.0	0.0	0.0	0.0	0.0	0.0	0.0	0.0	0.0	0.0	0.0015623256333	0.0
k__Bacteria;p__Proteobacteria;c__Gammaproteobacteria;o__Oceanospirillales;f__	0.0	6.34075201319e-05	5.01027105566e-05	0.0	0.0	0.0	0.0	0.00226196065042	0.000161015038805	0.0	0.0	0.0	0.00112081445851	0.00602911621979	0.0	0.0	0.000557973440464	0.00140537164272
k__Bacteria;p__Proteobacteria;c__Gammaproteobacteria;o__Oceanospirillales;f__Endozoicimonaceae	0.000282752120641	0.00126815040264	0.00105215692169	0.79038197172	0.945166561911	0.815076977526	0.959506873017	0.817079936836	0.99165942099	0.0218405638836	0.00415469839967	0.0295512010114	0.149115023584	0.33919905887	0.00149045627194	0.599239030969	0.726593014173	0.174578388507
k__Bacteria;p__Proteobacteria;c__Gammaproteobacteria;o__Oceanospirillales;f__Halomonadaceae	0.0	0.0	0.0	0.0	0.0	0.0	0.0	0.000256071017029	0.0	0.000273007048546	0.0	0.00167509481669	0.00252183253164	4.9017205039e-05	0.00153853550651	9.63251938545e-05	0.0	0.0
k__Bacteria;p__Proteobacteria;c__Gammaproteobacteria;o__Oceanospirillales;f__Oceanospirillaceae	0.00523091423186	0.00564326929174	0.0165839971942	0.0	0.0	0.0	0.0	0.000256071017029	0.0	0.00325126575995	0.00215428805909	0.00116940581542	0.000233503012189	4.9017205039e-05	9.61584691572e-05	0.000144487790782	0.000111594688093	0.0
k__Bacteria;p__Proteobacteria;c__Gammaproteobacteria;o__Pseudomonadales;f__Moraxellaceae	0.0	0.0	0.0	0.0	0.0	0.0103698460449	0.0	0.0	0.0	0.0	0.0	0.00249683944374	0.0	0.0	0.0	0.0	0.0	0.0
k__Bacteria;p__Proteobacteria;c__Gammaproteobacteria;o__Pseudomonadales;f__Pseudomonadaceae	0.0	0.0	0.0	0.0	0.0	0.0013448947089	0.0	4.26785028381e-05	0.0	0.0	0.0	0.000537294563843	0.0	0.0	0.0	4.81625969272e-05	0.0	0.0
k__Bacteria;p__Proteobacteria;c__Gammaproteobacteria;o__Salinisphaerales;f__Salinisphaeraceae	0.0	0.0	0.0	0.0	0.0	0.0	0.0	0.0	0.0	0.0	0.0	0.0	0.00182132349507	0.0	0.0	0.0	0.0	0.0
k__Bacteria;p__Proteobacteria;c__Gammaproteobacteria;o__Vibrionales;f__Pseudoalteromonadaceae	0.122714420358	0.0185784033986	0.0625281827747	0.000638256087981	0.000829666876179	0.000796319235534	0.00982889551091	0.0223635354872	0.000933887225067	0.235257619379	0.322578990562	0.23394437421	9.34012048755e-05	0.00156855056125	0.000721188518679	0.063526465347	0.201930588104	0.605168644597
k__Bacteria;p__Proteobacteria;c__Gammaproteobacteria;o__Vibrionales;f__Vibrionaceae	0.189161168709	0.0286601990996	0.147301969037	0.000171838177533	0.000427404148334	0.000230047779154	0.000432567528598	0.0326063761683	0.0	0.220887521096	0.16444398851	0.350474083439	0.000653808434129	0.000147051615117	0.0047117649887	0.214227231132	0.0164044191496	0.0746408494691
k__Bacteria;p__Proteobacteria;c__Gammaproteobacteria;o__Xanthomonadales;f__Sinobacteraceae	0.00014137606032	0.000253630080528	0.000350718973896	0.0146553417125	0.00173475801383	0.00812245620244	0.00213880611362	0.0077248090137	0.00109490226387	0.0190360369304	0.024928190398	0.0179835651075	0.0839209825807	0.0529385814421	0.0655800759652	0.00741703992679	0.00111594688093	0.0014834478451
k__Bacteria;p__Proteobacteria;c__Gammaproteobacteria;o__[Marinicellales];f__[Marinicellaceae]	4.71253534402e-05	0.0	0.0	0.0	0.0	0.0	0.0	0.0	0.0	0.0	0.00610381616742	3.1605562579e-05	0.0	0.0	0.0	0.0	0.0	0.0
k__Bacteria;p__SAR406;c__AB16;o__Arctic96B-7;f__A714017	0.0	0.0	0.0	0.0	0.0	0.0	0.0	0.0	0.0	2.48188225951e-05	0.00261592121461	0.0	0.0	0.00049017205039	0.0	0.0	0.000223189376186	0.0
k__Bacteria;p__TM6;c__SJA-4;o__;f__	0.0	0.0	0.0	0.0	0.0	0.0	0.0	0.0	0.0	0.0	0.0	0.00132743362832	0.0	0.000343120435273	0.000192316938314	0.0	0.0	0.0
k__Bacteria;p__Verrucomicrobia;c__Opitutae;o__Puniceicoccales;f__Puniceicoccaceae	0.0	0.0	0.0	0.0	0.0	0.0	0.0	0.0	0.0	0.000694927032662	0.0	3.1605562579e-05	0.0	0.0	0.0	0.0	0.0	0.0
k__Bacteria;p__Verrucomicrobia;c__Verruco-5;o__R76-B128;f__	0.0	0.0	0.0	0.0	0.0	0.0	0.0	0.0	0.0	0.0	0.0	0.0	0.0	0.00240184304691	0.0	0.0	0.0	0.0