Eigvals	6
1.00559316969	0.156661010226	0.000170565337046	0.0	0.0	0.0

Proportion explained	6
0.865082383867	0.134770883764	0.000146732369336	0.0	0.0	0.0

Species	0	0

Site	6	6
D1af	-0.530022300229	0.175659321669	-0.000166513188918	0.0	0.0	0.0
D3af	-0.529087958971	-0.273712464766	-0.000164555564613	0.0	0.0	0.0
D5bf	0.186658240901	-0.0301137428151	0.00146050422695	0.0	0.0	0.0
D1bf	-0.0318486139489	0.214967859608	-0.00013265221396	0.0	0.0	0.0
C12	0.452230224317	-0.0441342717535	-0.00965980730172	0.0	0.0	0.0
C11	0.452070407931	-0.0426667019423	0.00866302404226	0.0	0.0	0.0

Biplot	0	0

Site constraints	0	0
