Eigvals	6
1.00383249977	0.0635248369092	0.0229847261984	0.000124857432789	0.0	0.0

Proportion explained	6
0.920552912769	0.0582547124777	0.0210778756973	0.00011449905583	0.0	0.0

Species	0	0

Site	6	6
D1af	-0.533915009248	-0.0633567166584	0.0966544352422	-0.000160223846024	-0.0	0.0
D3af	-0.535306345069	0.0439946994695	-0.10672975248	0.000139735718054	-0.0	0.0
D5bf	0.127630673655	0.205112046541	0.0433190392814	0.000193811998167	-0.0	0.0
D1bf	0.0305571460661	-0.113321369797	-0.00961604624743	-0.000103120248836	-0.0	0.0
C12	0.455538979362	-0.0317651764535	-0.0130915781863	-0.00793325266663	-0.0	0.0
C11	0.455494555235	-0.0406634831018	-0.0105360976097	0.00786304904528	-0.0	0.0

Biplot	0	0

Site constraints	0	0
