Eigvals	6
0.757772479765	0.237879227846	0.0779075413987	0.0216004287464	0.0	0.0

Proportion explained	6
0.691928761765	0.217209629498	0.0711380659653	0.019723542772	0.0	0.0

Species	0	0

Site	6	6
D1af	-0.402680152864	-0.0939138503214	-0.165011259877	0.0638048817997	-0.0	0.0
D3af	-0.45521286874	-0.0493785105137	0.195939492514	-0.0187644906211	-0.0	0.0
D5bf	-0.0366962862813	0.429864930222	-0.0338908252035	-0.018991987939	-0.0	0.0
D1bf	0.0155806252507	-0.192892646107	-0.0519773902388	-0.0712000078867	-0.0	0.0
C12	0.423933326526	-0.0358448696961	0.0863219361526	0.095814416683	-0.0	0.0
C11	0.45507535611	-0.0578350535835	-0.0313819533476	-0.0506628120359	-0.0	0.0

Biplot	0	0

Site constraints	0	0
