Eigvals	6
0.805388608937	0.264329638589	0.158201176775	0.119912626066	0.0151088736045	0.0

Proportion explained	6
0.590919675807	0.193940642577	0.116073392465	0.0879807950271	0.0110854941243	0.0

Species	0	0

Site	6	6
D1af	-0.398655557465	-0.137627063114	-0.268883260454	0.111563234254	0.00732394070596	-0.0
D3af	-0.401366607712	-0.110250016033	0.287246291364	0.0579205952805	0.0238968666239	-0.0
D5bf	-0.115701914959	0.463933774091	-0.0125172869977	-0.00150462123301	-0.00465905298599	-0.0
D1bf	-0.0529609864888	-0.11019735769	-0.0176328225883	-0.27709808354	-0.0462566584954	-0.0
C12	0.484450434189	-0.0641604305354	0.0436789240974	0.157933513716	-0.0680269448975	-0.0
C11	0.484234632437	-0.0416989067187	-0.0318918454212	-0.0488146384775	0.087721849049	-0.0

Biplot	0	0

Site constraints	0	0
