Eigvals	6
0.917454929131	0.303721638654	0.104167435449	0.0104895394427	0.000332590890629	0.0

Proportion explained	6
0.686632377578	0.227308289758	0.0779599428783	0.0078504754605	0.000248914324554	0.0

Species	0	0

Site	6	6
D1af	-0.48784747923	0.205812786813	0.0706820401625	-0.0627840573408	0.00188741274333	-0.0
D3af	-0.482064303215	-0.399342048587	-0.012929682133	0.0233497616776	-0.000680184408658	-0.0
D5bf	0.123335015203	0.0967484472674	-0.285772945455	-0.00434920240852	0.000217211477698	-0.0
D1bf	-0.0764759311804	0.27639534859	0.0775856510539	0.0725479189635	-0.00229864949965	-0.0
C12	0.462044831626	-0.0910961562787	0.0739401030833	-0.0267652261126	-0.0122682645193	-0.0
C11	0.461007866796	-0.0885183778052	0.0764948332884	-0.00199919477914	0.0131424742066	-0.0

Biplot	0	0

Site constraints	0	0
