Eigvals	6
0.559602823645	0.237267966302	0.192001291339	0.183106173142	0.0378245215047	0.0

Proportion explained	6
0.462557066968	0.196121195142	0.158704621248	0.151352085468	0.0312650311747	0.0

Species	0	0

Site	6	6
D1af	-0.343424407938	-0.147123798854	0.258614510616	-0.183049868743	0.000783397858423	-0.0
D3af	-0.244112451805	-0.0998757932349	-0.020827030415	0.350869268783	0.0196482972888	-0.0
D5bf	-0.258201757779	0.381981043668	-0.117476667146	-0.0698830715106	0.00511718290235	-0.0
D1bf	0.0554148275836	-0.227729770481	-0.29829067076	-0.128896988584	-0.0456579995402	-0.0
C12	0.391500389594	0.0886582499824	0.144078741606	0.0629793633526	-0.122468692572	-0.0
C11	0.398823400345	0.00409006891929	0.0339011160983	-0.0320187032982	0.142577814063	-0.0

Biplot	0	0

Site constraints	0	0
