Eigvals	6
0.142321901713	0.043557908223	0.0124154430028	6.19602785637e-06	0.0	0.0

Proportion explained	6
0.717704799711	0.219655017399	0.0626089373907	3.12454996606e-05	0.0	0.0

Species	0	0

Site	6	6
D1af	-0.140892836691	0.109874787736	0.0195241027398	-9.00066795008e-05	-0.0	0.0
D3af	-0.251178090706	-0.126217201419	-5.80376208583e-05	2.51990510462e-05	-0.0	0.0
D5bf	0.023093942116	0.0553429638469	-0.0939956893726	2.41816255508e-05	-0.0	0.0
D1bf	0.028246281098	0.0763800347214	0.0548154632275	8.17963045439e-05	-0.0	0.0
C12	0.170993080823	-0.0585746773122	0.0098702090533	-0.00177830651363	-0.0	0.0
C11	0.16973762336	-0.0568059075738	0.00984395197285	0.00173713621198	-0.0	0.0

Biplot	0	0

Site constraints	0	0
