	sequences per sample	iteration	S1t1t16s	S2t1t16s	S4t1t16s	S3t1t16s
alpha_rarefaction_10_0.txt	10	0	0.0	0.2	0.0	0.5
alpha_rarefaction_10_1.txt	10	1	0.0	0.2	0.2	0.6
alpha_rarefaction_10_2.txt	10	2	0.0	0.2	0.0	0.2
alpha_rarefaction_10_3.txt	10	3	0.0	0.0	0.0	0.2
alpha_rarefaction_10_4.txt	10	4	0.2	0.0	0.0	0.4
alpha_rarefaction_10_5.txt	10	5	0.0	0.2	0.0	0.6
alpha_rarefaction_10_6.txt	10	6	0.2	0.2	0.4	0.5
alpha_rarefaction_10_7.txt	10	7	0.2	0.0	0.3	0.2
alpha_rarefaction_10_8.txt	10	8	0.0	0.0	0.0	0.2
alpha_rarefaction_10_9.txt	10	9	0.0	0.0	0.0	0.5
alpha_rarefaction_78_0.txt	78	0	0.538461538462	0.525641025641	0.448717948718	0.858974358974
alpha_rarefaction_78_1.txt	78	1	0.423076923077	0.461538461538	0.487179487179	0.858974358974
alpha_rarefaction_78_2.txt	78	2	0.448717948718	0.5	0.423076923077	0.871794871795
alpha_rarefaction_78_3.txt	78	3	0.423076923077	0.602564102564	0.564102564103	0.846153846154
alpha_rarefaction_78_4.txt	78	4	0.435897435897	0.564102564103	0.358974358974	0.794871794872
alpha_rarefaction_78_5.txt	78	5	0.564102564103	0.551282051282	0.448717948718	0.846153846154
alpha_rarefaction_78_6.txt	78	6	0.525641025641	0.448717948718	0.358974358974	0.820512820513
alpha_rarefaction_78_7.txt	78	7	0.410256410256	0.564102564103	0.5	0.884615384615
alpha_rarefaction_78_8.txt	78	8	0.512820512821	0.576923076923	0.410256410256	0.846153846154
alpha_rarefaction_78_9.txt	78	9	0.410256410256	0.5	0.384615384615	0.884615384615
alpha_rarefaction_146_0.txt	146	0	0.547945205479	0.630136986301	0.595890410959	0.904109589041
alpha_rarefaction_146_1.txt	146	1	0.595890410959	0.657534246575	0.575342465753	0.945205479452
alpha_rarefaction_146_2.txt	146	2	0.582191780822	0.63698630137	0.561643835616	0.890410958904
alpha_rarefaction_146_3.txt	146	3	0.623287671233	0.623287671233	0.582191780822	0.897260273973
alpha_rarefaction_146_4.txt	146	4	0.513698630137	0.575342465753	0.595890410959	0.917808219178
alpha_rarefaction_146_5.txt	146	5	0.575342465753	0.678082191781	0.609589041096	0.917808219178
alpha_rarefaction_146_6.txt	146	6	0.582191780822	0.657534246575	0.534246575342	0.890410958904
alpha_rarefaction_146_7.txt	146	7	0.534246575342	0.575342465753	0.616438356164	0.91095890411
alpha_rarefaction_146_8.txt	146	8	0.534246575342	0.609589041096	0.575342465753	0.86301369863
alpha_rarefaction_146_9.txt	146	9	0.493150684932	0.616438356164	0.595890410959	0.931506849315
alpha_rarefaction_214_0.txt	214	0	0.644859813084	0.719626168224	0.719626168224	0.939252336449
alpha_rarefaction_214_1.txt	214	1	0.602803738318	0.68691588785	0.700934579439	0.939252336449
alpha_rarefaction_214_2.txt	214	2	0.640186915888	0.630841121495	0.626168224299	0.943925233645
alpha_rarefaction_214_3.txt	214	3	0.570093457944	0.640186915888	0.663551401869	0.939252336449
alpha_rarefaction_214_4.txt	214	4	0.598130841121	0.672897196262	0.654205607477	0.929906542056
alpha_rarefaction_214_5.txt	214	5	0.635514018692	0.654205607477	0.644859813084	0.96261682243
alpha_rarefaction_214_6.txt	214	6	0.579439252336	0.640186915888	0.682242990654	0.943925233645
alpha_rarefaction_214_7.txt	214	7	0.584112149533	0.644859813084	0.672897196262	0.934579439252
alpha_rarefaction_214_8.txt	214	8	0.616822429907	0.696261682243	0.677570093458	0.943925233645
alpha_rarefaction_214_9.txt	214	9	0.579439252336	0.691588785047	0.714953271028	0.939252336449
alpha_rarefaction_282_0.txt	282	0	0.652482269504	0.68085106383	0.712765957447	0.964539007092
alpha_rarefaction_282_1.txt	282	1	0.648936170213	0.734042553191	0.748226950355	0.960992907801
alpha_rarefaction_282_2.txt	282	2	0.691489361702	0.748226950355	0.758865248227	0.968085106383
alpha_rarefaction_282_3.txt	282	3	0.63829787234	0.734042553191	0.716312056738	0.971631205674
alpha_rarefaction_282_4.txt	282	4	0.645390070922	0.712765957447	0.734042553191	0.960992907801
alpha_rarefaction_282_5.txt	282	5	0.702127659574	0.737588652482	0.72695035461	0.960992907801
alpha_rarefaction_282_6.txt	282	6	0.691489361702	0.716312056738	0.748226950355	0.968085106383
alpha_rarefaction_282_7.txt	282	7	0.698581560284	0.702127659574	0.748226950355	0.957446808511
alpha_rarefaction_282_8.txt	282	8	0.670212765957	0.719858156028	0.719858156028	0.95390070922
alpha_rarefaction_282_9.txt	282	9	0.695035460993	0.709219858156	0.744680851064	0.936170212766
alpha_rarefaction_350_0.txt	350	0	0.702857142857	0.765714285714	0.708571428571	0.968571428571
alpha_rarefaction_350_1.txt	350	1	0.725714285714	0.768571428571	0.711428571429	0.957142857143
alpha_rarefaction_350_2.txt	350	2	0.728571428571	0.788571428571	0.76	0.965714285714
alpha_rarefaction_350_3.txt	350	3	0.705714285714	0.754285714286	0.802857142857	0.962857142857
alpha_rarefaction_350_4.txt	350	4	0.748571428571	0.72	0.785714285714	0.965714285714
alpha_rarefaction_350_5.txt	350	5	0.734285714286	0.76	0.768571428571	0.968571428571
alpha_rarefaction_350_6.txt	350	6	0.734285714286	0.768571428571	0.765714285714	0.971428571429
alpha_rarefaction_350_7.txt	350	7	0.72	0.742857142857	0.765714285714	0.96
alpha_rarefaction_350_8.txt	350	8	0.714285714286	0.771428571429	0.742857142857	0.965714285714
alpha_rarefaction_350_9.txt	350	9	0.688571428571	0.78	0.794285714286	0.965714285714
alpha_rarefaction_418_0.txt	418	0	0.732057416268	0.784688995215	0.803827751196	0.973684210526
alpha_rarefaction_418_1.txt	418	1	0.760765550239	0.813397129187	0.801435406699	0.980861244019
alpha_rarefaction_418_2.txt	418	2	0.744019138756	0.806220095694	0.806220095694	0.973684210526
alpha_rarefaction_418_3.txt	418	3	0.744019138756	0.767942583732	0.808612440191	0.985645933014
alpha_rarefaction_418_4.txt	418	4	0.753588516746	0.799043062201	0.849282296651	0.976076555024
alpha_rarefaction_418_5.txt	418	5	0.72966507177	0.763157894737	0.827751196172	0.976076555024
alpha_rarefaction_418_6.txt	418	6	0.727272727273	0.777511961722	0.799043062201	0.971291866029
alpha_rarefaction_418_7.txt	418	7	0.727272727273	0.803827751196	0.794258373206	0.980861244019
alpha_rarefaction_418_8.txt	418	8	0.760765550239	0.763157894737	0.801435406699	0.978468899522
alpha_rarefaction_418_9.txt	418	9	0.744019138756	0.763157894737	0.811004784689	0.976076555024
alpha_rarefaction_486_0.txt	486	0	0.769547325103	0.80658436214	0.810699588477	0.977366255144
alpha_rarefaction_486_1.txt	486	1	0.765432098765	0.825102880658	0.818930041152	0.977366255144
alpha_rarefaction_486_2.txt	486	2	0.742798353909	0.796296296296	0.798353909465	0.985596707819
alpha_rarefaction_486_3.txt	486	3	0.757201646091	0.814814814815	0.820987654321	0.989711934156
alpha_rarefaction_486_4.txt	486	4	0.77366255144	0.796296296296	0.820987654321	0.985596707819
alpha_rarefaction_486_5.txt	486	5	0.767489711934	0.816872427984	0.814814814815	0.979423868313
alpha_rarefaction_486_6.txt	486	6	0.771604938272	0.812757201646	0.837448559671	0.98353909465
alpha_rarefaction_486_7.txt	486	7	0.761316872428	0.808641975309	0.829218106996	0.98353909465
alpha_rarefaction_486_8.txt	486	8	0.781893004115	0.802469135802	0.858024691358	0.985596707819
alpha_rarefaction_486_9.txt	486	9	0.757201646091	0.812757201646	0.841563786008	0.979423868313
alpha_rarefaction_554_0.txt	554	0	0.792418772563	0.824909747292	0.851985559567	0.987364620939
alpha_rarefaction_554_1.txt	554	1	0.776173285199	0.823104693141	0.861010830325	0.987364620939
alpha_rarefaction_554_2.txt	554	2	0.787003610108	0.823104693141	0.850180505415	0.98916967509
alpha_rarefaction_554_3.txt	554	3	0.797833935018	0.826714801444	0.857400722022	0.985559566787
alpha_rarefaction_554_4.txt	554	4	0.776173285199	0.815884476534	0.851985559567	0.976534296029
alpha_rarefaction_554_5.txt	554	5	0.797833935018	0.815884476534	0.864620938628	0.983754512635
alpha_rarefaction_554_6.txt	554	6	0.774368231047	0.819494584838	0.853790613718	0.987364620939
alpha_rarefaction_554_7.txt	554	7	0.774368231047	0.824909747292	0.861010830325	0.987364620939
alpha_rarefaction_554_8.txt	554	8	0.790613718412	0.857400722022	0.853790613718	0.987364620939
alpha_rarefaction_554_9.txt	554	9	0.78880866426	0.823104693141	0.84476534296	0.98916967509
alpha_rarefaction_622_0.txt	622	0	0.797427652733	0.847266881029	0.868167202572	0.987138263666
alpha_rarefaction_622_1.txt	622	1	0.800643086817	0.831189710611	0.872990353698	0.995176848875
alpha_rarefaction_622_2.txt	622	2	0.807073954984	0.837620578778	0.868167202572	0.990353697749
alpha_rarefaction_622_3.txt	622	3	0.8038585209	0.850482315113	0.876205787781	0.987138263666
alpha_rarefaction_622_4.txt	622	4	0.827974276527	0.845659163987	0.868167202572	0.985530546624
alpha_rarefaction_622_5.txt	622	5	0.807073954984	0.852090032154	0.869774919614	0.990353697749
alpha_rarefaction_622_6.txt	622	6	0.800643086817	0.837620578778	0.872990353698	0.988745980707
alpha_rarefaction_622_7.txt	622	7	0.810289389068	0.845659163987	0.858520900322	0.991961414791
alpha_rarefaction_622_8.txt	622	8	0.799035369775	0.855305466238	0.869774919614	0.987138263666
alpha_rarefaction_622_9.txt	622	9	0.789389067524	0.852090032154	0.868167202572	0.988745980707
alpha_rarefaction_690_0.txt	690	0	0.817391304348	0.85652173913	0.888405797101	0.991304347826
alpha_rarefaction_690_1.txt	690	1	0.817391304348	0.85652173913	0.888405797101	0.991304347826
alpha_rarefaction_690_2.txt	690	2	0.817391304348	0.85652173913	0.888405797101	0.991304347826
alpha_rarefaction_690_3.txt	690	3	0.817391304348	0.85652173913	0.888405797101	0.991304347826
alpha_rarefaction_690_4.txt	690	4	0.817391304348	0.85652173913	0.888405797101	0.991304347826
alpha_rarefaction_690_5.txt	690	5	0.817391304348	0.85652173913	0.888405797101	0.991304347826
alpha_rarefaction_690_6.txt	690	6	0.817391304348	0.85652173913	0.888405797101	0.991304347826
alpha_rarefaction_690_7.txt	690	7	0.817391304348	0.85652173913	0.888405797101	0.991304347826
alpha_rarefaction_690_8.txt	690	8	0.817391304348	0.85652173913	0.888405797101	0.991304347826
alpha_rarefaction_690_9.txt	690	9	0.817391304348	0.85652173913	0.888405797101	0.991304347826