	sequences per sample	iteration	S1t1t16s	S2t1t16s	S4t1t16s	S3t1t16s
alpha_rarefaction_10_0.txt	10	0	3.32192809489	3.12192809489	3.32192809489	2.64643934467
alpha_rarefaction_10_1.txt	10	1	3.32192809489	3.12192809489	3.12192809489	2.37095059445
alpha_rarefaction_10_2.txt	10	2	3.32192809489	3.12192809489	3.32192809489	3.12192809489
alpha_rarefaction_10_3.txt	10	3	3.32192809489	3.32192809489	3.32192809489	3.12192809489
alpha_rarefaction_10_4.txt	10	4	3.12192809489	3.32192809489	3.32192809489	2.92192809489
alpha_rarefaction_10_5.txt	10	5	3.32192809489	3.12192809489	3.32192809489	2.72192809489
alpha_rarefaction_10_6.txt	10	6	3.12192809489	3.12192809489	2.92192809489	2.64643934467
alpha_rarefaction_10_7.txt	10	7	3.12192809489	3.32192809489	2.84643934467	3.12192809489
alpha_rarefaction_10_8.txt	10	8	3.32192809489	3.32192809489	3.32192809489	3.12192809489
alpha_rarefaction_10_9.txt	10	9	3.32192809489	3.32192809489	3.32192809489	2.64643934467
alpha_rarefaction_78_0.txt	78	0	5.15785943807	5.13247849084	5.52534821226	3.92032407555
alpha_rarefaction_78_1.txt	78	1	5.53213443037	5.56906500116	5.40426047587	4.12618963919
alpha_rarefaction_78_2.txt	78	2	5.53374593062	5.46935754637	5.63002509734	3.95211976056
alpha_rarefaction_78_3.txt	78	3	5.56778467462	5.36840494405	5.31265474475	4.07350349164
alpha_rarefaction_78_4.txt	78	4	5.58842109096	5.30086391733	5.722911155	4.25261707439
alpha_rarefaction_78_5.txt	78	5	5.0910622766	5.32861772549	5.40926508517	3.75959660612
alpha_rarefaction_78_6.txt	78	6	5.35587025137	5.57820658478	5.722911155	4.01319004685
alpha_rarefaction_78_7.txt	78	7	5.47278583444	5.38957782167	5.4521494181	3.83830129186
alpha_rarefaction_78_8.txt	78	8	5.39714308405	5.29830326425	5.41840666879	4.34029323517
alpha_rarefaction_78_9.txt	78	9	5.6140621166	5.24913399549	5.68258747516	3.94594501482
alpha_rarefaction_146_0.txt	146	0	6.07161647007	5.85909493009	6.02091212501	4.23533005332
alpha_rarefaction_146_1.txt	146	1	5.80602228652	5.76938566857	5.87886379655	4.02781464851
alpha_rarefaction_146_2.txt	146	2	5.89572316249	5.80761778705	6.07888742259	4.2427990472
alpha_rarefaction_146_3.txt	146	3	5.57452059567	5.99079270939	6.01165148718	4.18522875272
alpha_rarefaction_146_4.txt	146	4	5.89841813803	6.04902153649	6.01655414118	4.2700311908
alpha_rarefaction_146_5.txt	146	5	5.88142866279	5.68516989043	5.82250428622	4.31125569805
alpha_rarefaction_146_6.txt	146	6	6.02308108427	5.8680866289	6.14209930607	4.36356890155
alpha_rarefaction_146_7.txt	146	7	5.97521897746	5.94066156953	5.92037712762	4.16921238718
alpha_rarefaction_146_8.txt	146	8	5.94692070428	5.80000967995	5.99163485361	4.3153340354
alpha_rarefaction_146_9.txt	146	9	5.98613423803	6.19240737434	6.0002998754	4.277737404
alpha_rarefaction_214_0.txt	214	0	6.10961643461	6.1964971851	6.09536562617	4.34449311478
alpha_rarefaction_214_1.txt	214	1	6.3116978268	6.02927155973	6.29044202932	4.11033325171
alpha_rarefaction_214_2.txt	214	2	6.20032727008	6.24706839928	6.40294956579	4.136588422
alpha_rarefaction_214_3.txt	214	3	6.29718169389	6.35707572675	6.3423519634	4.29585459003
alpha_rarefaction_214_4.txt	214	4	6.34700854979	6.28079204499	6.4909938859	4.25518199417
alpha_rarefaction_214_5.txt	214	5	6.13259731575	6.31592219388	6.25872644544	4.25821925415
alpha_rarefaction_214_6.txt	214	6	6.34177031513	6.3820950624	6.3025024527	4.18172307638
alpha_rarefaction_214_7.txt	214	7	6.39946793782	6.2861010584	6.09099958726	4.3096321374
alpha_rarefaction_214_8.txt	214	8	6.22720608637	5.9230189862	6.27727812695	4.07417692879
alpha_rarefaction_214_9.txt	214	9	6.48087013922	6.31234242162	6.1059512143	4.17987812389
alpha_rarefaction_282_0.txt	282	0	6.37239470673	6.42668280192	6.50662907024	4.21487656815
alpha_rarefaction_282_1.txt	282	1	6.41896575459	6.25536819814	6.30183780291	4.31249105838
alpha_rarefaction_282_2.txt	282	2	6.33239826067	6.21378557685	6.4434471191	4.30697467703
alpha_rarefaction_282_3.txt	282	3	6.35183193694	6.34010931131	6.6040288476	4.32295402638
alpha_rarefaction_282_4.txt	282	4	6.39546249844	6.29188080689	6.43745100356	4.38509003212
alpha_rarefaction_282_5.txt	282	5	6.38179793222	6.30961289076	6.49951317756	4.38276742917
alpha_rarefaction_282_6.txt	282	6	6.29473028982	6.38604767458	6.30253706363	4.31610319064
alpha_rarefaction_282_7.txt	282	7	6.40368683061	6.26284217873	6.37944164152	4.26706062551
alpha_rarefaction_282_8.txt	282	8	6.3833504912	6.34875355512	6.50443069862	4.28456976641
alpha_rarefaction_282_9.txt	282	9	6.41293289603	6.35858389094	6.35088720355	4.26776922777
alpha_rarefaction_350_0.txt	350	0	6.63781127768	6.36215717405	6.70951631487	4.29733215525
alpha_rarefaction_350_1.txt	350	1	6.54090779905	6.37324280451	6.64790356106	4.36186167718
alpha_rarefaction_350_2.txt	350	2	6.45922932373	6.40992235564	6.63093633489	4.42535441848
alpha_rarefaction_350_3.txt	350	3	6.3692127128	6.42567362643	6.49176472035	4.28726856248
alpha_rarefaction_350_4.txt	350	4	6.47330141796	6.6980081733	6.46964949156	4.33236310837
alpha_rarefaction_350_5.txt	350	5	6.4719571769	6.4334814074	6.44575746757	4.33979498768
alpha_rarefaction_350_6.txt	350	6	6.45305181179	6.52123241837	6.61201527309	4.34256135033
alpha_rarefaction_350_7.txt	350	7	6.4777481326	6.38198576229	6.59069007426	4.40649279197
alpha_rarefaction_350_8.txt	350	8	6.44383749785	6.4426652263	6.54550666608	4.3752358291
alpha_rarefaction_350_9.txt	350	9	6.56845211314	6.39363600173	6.59640410576	4.31868045538
alpha_rarefaction_418_0.txt	418	0	6.669096812	6.63240064205	6.62946011185	4.31206829617
alpha_rarefaction_418_1.txt	418	1	6.62734829106	6.48330879244	6.6754257259	4.4432932957
alpha_rarefaction_418_2.txt	418	2	6.57088373431	6.47989809434	6.6801212645	4.1958351433
alpha_rarefaction_418_3.txt	418	3	6.46590847734	6.52070587761	6.69855941163	4.33795557931
alpha_rarefaction_418_4.txt	418	4	6.61172956544	6.38363331181	6.64927612174	4.47692960474
alpha_rarefaction_418_5.txt	418	5	6.66566677044	6.62032742232	6.55937389268	4.31383358392
alpha_rarefaction_418_6.txt	418	6	6.62886394938	6.58093026691	6.65911437188	4.39705336697
alpha_rarefaction_418_7.txt	418	7	6.74862701565	6.48485295065	6.60483893748	4.40616677246
alpha_rarefaction_418_8.txt	418	8	6.50370714491	6.61724833956	6.64138439922	4.38248849141
alpha_rarefaction_418_9.txt	418	9	6.58344751631	6.49801326671	6.53089347178	4.42359240248
alpha_rarefaction_486_0.txt	486	0	6.59758241348	6.68963484594	6.73122269335	4.35726406451
alpha_rarefaction_486_1.txt	486	1	6.64826389185	6.61485850746	6.74724215693	4.43790337281
alpha_rarefaction_486_2.txt	486	2	6.77799970773	6.62936874905	6.71685622461	4.39882654471
alpha_rarefaction_486_3.txt	486	3	6.69466416836	6.57194344443	6.69738139432	4.38186629416
alpha_rarefaction_486_4.txt	486	4	6.56809126364	6.72958190549	6.7009101056	4.37785915146
alpha_rarefaction_486_5.txt	486	5	6.72183429298	6.53808532792	6.76648348327	4.37335654842
alpha_rarefaction_486_6.txt	486	6	6.69160942057	6.59583220932	6.66830337506	4.43382123229
alpha_rarefaction_486_7.txt	486	7	6.65688195537	6.61611959339	6.76158534106	4.37579494567
alpha_rarefaction_486_8.txt	486	8	6.68819093293	6.55057215364	6.71760820348	4.31494722607
alpha_rarefaction_486_9.txt	486	9	6.65126578011	6.53880576797	6.70429766395	4.40442887911
alpha_rarefaction_554_0.txt	554	0	6.68343790491	6.69001401841	6.74603618575	4.39591662947
alpha_rarefaction_554_1.txt	554	1	6.68660878148	6.62927482201	6.70617712845	4.45856596705
alpha_rarefaction_554_2.txt	554	2	6.74653201588	6.61536187943	6.74034562916	4.44819298073
alpha_rarefaction_554_3.txt	554	3	6.79569981955	6.65935565256	6.81199374786	4.40261793052
alpha_rarefaction_554_4.txt	554	4	6.7224919682	6.66370971064	6.73809407434	4.32783311785
alpha_rarefaction_554_5.txt	554	5	6.73195305005	6.67088249756	6.6782776124	4.45321105018
alpha_rarefaction_554_6.txt	554	6	6.72666491096	6.76173896607	6.77198454417	4.41313418563
alpha_rarefaction_554_7.txt	554	7	6.72986495679	6.64615751641	6.79279039598	4.397272538
alpha_rarefaction_554_8.txt	554	8	6.70862680541	6.68350639749	6.75457383058	4.47683626634
alpha_rarefaction_554_9.txt	554	9	6.72541854949	6.68545809905	6.77759097407	4.42639443873
alpha_rarefaction_622_0.txt	622	0	6.77671683181	6.7022836753	6.83081302756	4.38982206358
alpha_rarefaction_622_1.txt	622	1	6.81626051513	6.68610552648	6.79793502452	4.35113091951
alpha_rarefaction_622_2.txt	622	2	6.73476618465	6.67958075873	6.81811796029	4.36926765763
alpha_rarefaction_622_3.txt	622	3	6.82633022789	6.68628068803	6.84891117997	4.41898466215
alpha_rarefaction_622_4.txt	622	4	6.67499378139	6.70884928	6.78338771954	4.34841646913
alpha_rarefaction_622_5.txt	622	5	6.78535530603	6.72077267304	6.86437793465	4.40251414121
alpha_rarefaction_622_6.txt	622	6	6.76208468516	6.69249132677	6.76819245256	4.40712341992
alpha_rarefaction_622_7.txt	622	7	6.75779759703	6.74106967164	6.78984412646	4.41317836319
alpha_rarefaction_622_8.txt	622	8	6.747647111	6.66036107705	6.78885537835	4.38654356007
alpha_rarefaction_622_9.txt	622	9	6.76405840761	6.68479931859	6.78850561663	4.37788453713
alpha_rarefaction_690_0.txt	690	0	6.8155461682	6.73293717014	6.82535156847	4.41008144511
alpha_rarefaction_690_1.txt	690	1	6.8155461682	6.73293717014	6.82535156847	4.41008144511
alpha_rarefaction_690_2.txt	690	2	6.8155461682	6.73293717014	6.82535156847	4.41008144511
alpha_rarefaction_690_3.txt	690	3	6.8155461682	6.73293717014	6.82535156847	4.41008144511
alpha_rarefaction_690_4.txt	690	4	6.8155461682	6.73293717014	6.82535156847	4.41008144511
alpha_rarefaction_690_5.txt	690	5	6.8155461682	6.73293717014	6.82535156847	4.41008144511
alpha_rarefaction_690_6.txt	690	6	6.8155461682	6.73293717014	6.82535156847	4.41008144511
alpha_rarefaction_690_7.txt	690	7	6.8155461682	6.73293717014	6.82535156847	4.41008144511
alpha_rarefaction_690_8.txt	690	8	6.8155461682	6.73293717014	6.82535156847	4.41008144511
alpha_rarefaction_690_9.txt	690	9	6.8155461682	6.73293717014	6.82535156847	4.41008144511