	sequences per sample	iteration	S1t1t16s	S2t1t16s	S4t1t16s	S3t1t16s
alpha_rarefaction_10_0.txt	10	0	0.9	0.88	0.9	0.82
alpha_rarefaction_10_1.txt	10	1	0.9	0.88	0.88	0.78
alpha_rarefaction_10_2.txt	10	2	0.9	0.88	0.9	0.88
alpha_rarefaction_10_3.txt	10	3	0.9	0.9	0.9	0.88
alpha_rarefaction_10_4.txt	10	4	0.88	0.9	0.9	0.86
alpha_rarefaction_10_5.txt	10	5	0.9	0.88	0.9	0.84
alpha_rarefaction_10_6.txt	10	6	0.88	0.88	0.86	0.82
alpha_rarefaction_10_7.txt	10	7	0.88	0.9	0.84	0.88
alpha_rarefaction_10_8.txt	10	8	0.9	0.9	0.9	0.88
alpha_rarefaction_10_9.txt	10	9	0.9	0.9	0.9	0.82
alpha_rarefaction_78_0.txt	78	0	0.961538461538	0.955950032873	0.972057856673	0.907626561473
alpha_rarefaction_78_1.txt	78	1	0.970742932281	0.974687705457	0.965483234714	0.919789612097
alpha_rarefaction_78_2.txt	78	2	0.972715318869	0.971071663379	0.975673898751	0.91452991453
alpha_rarefaction_78_3.txt	78	3	0.973701512163	0.969756738988	0.966798159106	0.920775805391
alpha_rarefaction_78_4.txt	78	4	0.974687705457	0.965483234714	0.977317554241	0.925378040763
alpha_rarefaction_78_5.txt	78	5	0.957264957265	0.968770545694	0.964825772518	0.898093359632
alpha_rarefaction_78_6.txt	78	6	0.969099276792	0.973372781065	0.977317554241	0.918474687705
alpha_rarefaction_78_7.txt	78	7	0.969756738988	0.970414201183	0.972057856673	0.90959894806
alpha_rarefaction_78_8.txt	78	8	0.967126890204	0.968113083498	0.968113083498	0.934911242604
alpha_rarefaction_78_9.txt	78	9	0.975016436555	0.96120973044	0.976002629849	0.918474687705
alpha_rarefaction_146_0.txt	146	0	0.97860761869	0.974197785701	0.975511352974	0.920623006193
alpha_rarefaction_146_1.txt	146	1	0.971570651154	0.97072621505	0.970257083881	0.912272471383
alpha_rarefaction_146_2.txt	146	2	0.972039782323	0.971758303622	0.977387877651	0.915837868268
alpha_rarefaction_146_3.txt	146	3	0.964627509852	0.978232313755	0.977200225183	0.922405704635
alpha_rarefaction_146_4.txt	146	4	0.971007693751	0.978326139989	0.977012572715	0.921561268531
alpha_rarefaction_146_5.txt	146	5	0.97344717583	0.967348470632	0.972978044661	0.92794145243
alpha_rarefaction_146_6.txt	146	6	0.97663726778	0.973259523363	0.980296490899	0.930662413211
alpha_rarefaction_146_7.txt	146	7	0.974010133233	0.974010133233	0.976449615312	0.924282229311
alpha_rarefaction_146_8.txt	146	8	0.973541002064	0.971852129856	0.974103959467	0.925220491649
alpha_rarefaction_146_9.txt	146	9	0.973728654532	0.981985363108	0.975980484143	0.928035278664
alpha_rarefaction_214_0.txt	214	0	0.975325355926	0.978950126649	0.976286138527	0.924884269369
alpha_rarefaction_214_1.txt	214	1	0.978426063412	0.974015197834	0.980871691851	0.913092846537
alpha_rarefaction_214_2.txt	214	2	0.97405886977	0.97820770373	0.981090051533	0.908812996768
alpha_rarefaction_214_3.txt	214	3	0.97759629662	0.980915363787	0.981919818325	0.927198881998
alpha_rarefaction_214_4.txt	214	4	0.979648877631	0.98052231636	0.98454013451	0.919294261508
alpha_rarefaction_214_5.txt	214	5	0.974277229452	0.978950126649	0.978513407284	0.924971613241
alpha_rarefaction_214_6.txt	214	6	0.978338719539	0.980915363787	0.980347628614	0.924098174513
alpha_rarefaction_214_7.txt	214	7	0.979692549568	0.979168486331	0.975019652371	0.923224735785
alpha_rarefaction_214_8.txt	214	8	0.9758930911	0.969866363875	0.980347628614	0.912787142982
alpha_rarefaction_214_9.txt	214	9	0.981526770897	0.980828019914	0.974888636562	0.920124028299
alpha_rarefaction_282_0.txt	282	0	0.975604848851	0.979251546703	0.980483879081	0.92389718827
alpha_rarefaction_282_1.txt	282	1	0.976459936623	0.976459936623	0.976384487702	0.923972637191
alpha_rarefaction_282_2.txt	282	2	0.975303053166	0.97419646899	0.981741361099	0.921457673155
alpha_rarefaction_282_3.txt	282	3	0.97487550928	0.979276696343	0.983753332327	0.928147477491
alpha_rarefaction_282_4.txt	282	4	0.977591670439	0.977415622957	0.981213218651	0.93227201851
alpha_rarefaction_282_5.txt	282	5	0.97907549922	0.977239575474	0.980810824405	0.929933101957
alpha_rarefaction_282_6.txt	282	6	0.974825209999	0.97975453951	0.977365323676	0.924727126402
alpha_rarefaction_282_7.txt	282	7	0.979125798501	0.976812031588	0.980106634475	0.918515165233
alpha_rarefaction_282_8.txt	282	8	0.976837181228	0.978572506413	0.980559328002	0.920300789699
alpha_rarefaction_282_9.txt	282	9	0.978824002817	0.97837130929	0.980257532317	0.92040138826
alpha_rarefaction_350_0.txt	350	0	0.980751020408	0.978187755102	0.983673469388	0.921910204082
alpha_rarefaction_350_1.txt	350	1	0.979542857143	0.977681632653	0.982171428571	0.925126530612
alpha_rarefaction_350_2.txt	350	2	0.977616326531	0.979608163265	0.982693877551	0.932179591837
alpha_rarefaction_350_3.txt	350	3	0.973681632653	0.978840816327	0.981975510204	0.921191836735
alpha_rarefaction_350_4.txt	350	4	0.978726530612	0.983755102041	0.979102040816	0.924604081633
alpha_rarefaction_350_5.txt	350	5	0.977371428571	0.979608163265	0.978857142857	0.922448979592
alpha_rarefaction_350_6.txt	350	6	0.976506122449	0.982171428571	0.983134693878	0.922171428571
alpha_rarefaction_350_7.txt	350	7	0.977044897959	0.976081632653	0.980359183673	0.926416326531
alpha_rarefaction_350_8.txt	350	8	0.976783673469	0.978808163265	0.979755102041	0.924440816327
alpha_rarefaction_350_9.txt	350	9	0.979118367347	0.978497959184	0.982873469388	0.924506122449
alpha_rarefaction_418_0.txt	418	0	0.979911174195	0.981261875873	0.981834207092	0.922197294018
alpha_rarefaction_418_1.txt	418	1	0.979384629473	0.978835191502	0.982864403287	0.92976351274
alpha_rarefaction_418_2.txt	418	2	0.978056821043	0.978709278634	0.982017353083	0.917366818525
alpha_rarefaction_418_3.txt	418	3	0.974691513473	0.978858084751	0.98177697397	0.925837320574
alpha_rarefaction_418_4.txt	418	4	0.979144250361	0.977770655434	0.982990316156	0.929179734896
alpha_rarefaction_418_5.txt	418	5	0.980483505414	0.980025640439	0.98065520478	0.922288867013
alpha_rarefaction_418_6.txt	418	6	0.978823744878	0.980746777775	0.98141068199	0.92525354273
alpha_rarefaction_418_7.txt	418	7	0.981559488107	0.979464755844	0.980975710263	0.927107895882
alpha_rarefaction_418_8.txt	418	8	0.97596208878	0.981719740848	0.981845653717	0.926363865296
alpha_rarefaction_418_9.txt	418	9	0.978915317873	0.978468899522	0.980723884526	0.92986653236
alpha_rarefaction_486_0.txt	486	0	0.975943707768	0.981625429728	0.982091144643	0.923021558367
alpha_rarefaction_486_1.txt	486	1	0.977425527951	0.980778675337	0.982717742891	0.926874290843
alpha_rarefaction_486_2.txt	486	2	0.97987264814	0.980710934986	0.981870988501	0.925384003116
alpha_rarefaction_486_3.txt	486	3	0.97913597182	0.979457738488	0.980406103406	0.927035174177
alpha_rarefaction_486_4.txt	486	4	0.976206201629	0.982768548155	0.980067401649	0.92435096276
alpha_rarefaction_486_5.txt	486	5	0.980550051652	0.978805737608	0.982624599909	0.924909820657
alpha_rarefaction_486_6.txt	486	6	0.979542413927	0.979373063049	0.982074209555	0.926044471541
alpha_rarefaction_486_7.txt	486	7	0.978678724449	0.980456908669	0.983310470965	0.924630391709
alpha_rarefaction_486_8.txt	486	8	0.978323087605	0.9790936341	0.982573794645	0.923571948721
alpha_rarefaction_486_9.txt	486	9	0.97824687971	0.978754932344	0.981947196396	0.925155379431
alpha_rarefaction_554_0.txt	554	0	0.978111274746	0.980665719611	0.98206023798	0.925510563151
alpha_rarefaction_554_1.txt	554	1	0.977400982679	0.980150920773	0.980613588083	0.929596371646
alpha_rarefaction_554_2.txt	554	2	0.979342882092	0.980457193499	0.981558472025	0.928390830064
alpha_rarefaction_554_3.txt	554	3	0.980313831798	0.980346414003	0.983200615152	0.924630843618
alpha_rarefaction_554_4.txt	554	4	0.977629058114	0.979284234123	0.981662735081	0.923158127957
alpha_rarefaction_554_5.txt	554	5	0.978417547472	0.981610603553	0.980958959455	0.928886079579
alpha_rarefaction_554_6.txt	554	6	0.978749885962	0.982001590012	0.982412125793	0.926025361988
alpha_rarefaction_554_7.txt	554	7	0.978782468167	0.979812065842	0.982887825985	0.925999296224
alpha_rarefaction_554_8.txt	554	8	0.978938862751	0.98206023798	0.982034172217	0.930065555396
alpha_rarefaction_554_9.txt	554	9	0.978521810528	0.981903843397	0.982340444943	0.92650106218
alpha_rarefaction_622_0.txt	622	0	0.978546541082	0.980753921072	0.983059521717	0.924530350182
alpha_rarefaction_622_1.txt	622	1	0.979823409601	0.980345529926	0.981575872871	0.923558482646
alpha_rarefaction_622_2.txt	622	2	0.977905522069	0.980174936157	0.983286980077	0.923336193795
alpha_rarefaction_622_3.txt	622	3	0.980123241075	0.980722904023	0.983297319093	0.926024338044
alpha_rarefaction_622_4.txt	622	4	0.977176621416	0.980898667301	0.98217553582	0.923418905925
alpha_rarefaction_622_5.txt	622	5	0.979352984357	0.98129671943	0.98339037024	0.925910608865
alpha_rarefaction_622_6.txt	622	6	0.97795721715	0.98075909058	0.982020450574	0.925228233786
alpha_rarefaction_622_7.txt	622	7	0.978867050589	0.981756805658	0.981456974183	0.928278243608
alpha_rarefaction_622_8.txt	622	8	0.978877389605	0.980019850911	0.981555194839	0.925507387227
alpha_rarefaction_622_9.txt	622	9	0.978468998459	0.980841802711	0.982160027295	0.924318400347
alpha_rarefaction_690_0.txt	690	0	0.978903591682	0.980844360428	0.982276832598	0.926103759714
alpha_rarefaction_690_1.txt	690	1	0.978903591682	0.980844360428	0.982276832598	0.926103759714
alpha_rarefaction_690_2.txt	690	2	0.978903591682	0.980844360428	0.982276832598	0.926103759714
alpha_rarefaction_690_3.txt	690	3	0.978903591682	0.980844360428	0.982276832598	0.926103759714
alpha_rarefaction_690_4.txt	690	4	0.978903591682	0.980844360428	0.982276832598	0.926103759714
alpha_rarefaction_690_5.txt	690	5	0.978903591682	0.980844360428	0.982276832598	0.926103759714
alpha_rarefaction_690_6.txt	690	6	0.978903591682	0.980844360428	0.982276832598	0.926103759714
alpha_rarefaction_690_7.txt	690	7	0.978903591682	0.980844360428	0.982276832598	0.926103759714
alpha_rarefaction_690_8.txt	690	8	0.978903591682	0.980844360428	0.982276832598	0.926103759714
alpha_rarefaction_690_9.txt	690	9	0.978903591682	0.980844360428	0.982276832598	0.926103759714