	sequences per sample	iteration	D1af	D3af	D5bf	D1bf	C12	C11
alpha_rarefaction_10_0.txt	10	0	22.0	7.0	22.0	4.0	1.0	2.0
alpha_rarefaction_10_1.txt	10	1	5.0	4.0	9.0	5.0	2.0	1.0
alpha_rarefaction_10_2.txt	10	2	12.0	4.0	9.0	8.0	1.0	2.0
alpha_rarefaction_10_3.txt	10	3	8.0	4.0	4.5	4.5	1.0	1.0
alpha_rarefaction_10_4.txt	10	4	4.5	7.0	8.5	4.0	1.0	2.0
alpha_rarefaction_10_5.txt	10	5	6.5	4.0	11.0	3.0	1.0	1.0
alpha_rarefaction_10_6.txt	10	6	22.0	4.0	4.5	5.33333333333	1.0	1.0
alpha_rarefaction_10_7.txt	10	7	12.0	4.0	6.5	5.33333333333	1.0	4.0
alpha_rarefaction_10_8.txt	10	8	12.0	9.0	5.0	3.0	2.0	1.0
alpha_rarefaction_10_9.txt	10	9	29.0	11.0	13.0	3.0	1.0	4.0
alpha_rarefaction_356_0.txt	356	0	113.5	49.9090909091	60.0	54.2	30.0	35.5
alpha_rarefaction_356_1.txt	356	1	80.25	37.8	66.0	78.0	55.0	20.0
alpha_rarefaction_356_2.txt	356	2	161.5	95.1666666667	56.3333333333	53.0	41.5	29.75
alpha_rarefaction_356_3.txt	356	3	135.75	44.0769230769	67.0	50.6666666667	17.25	16.0
alpha_rarefaction_356_4.txt	356	4	124.125	50.9090909091	101.142857143	34.2	81.0	14.0
alpha_rarefaction_356_5.txt	356	5	130.363636364	73.0	73.0909090909	72.0	25.0	34.3333333333
alpha_rarefaction_356_6.txt	356	6	76.25	52.1538461538	65.5	46.75	13.3333333333	46.25
alpha_rarefaction_356_7.txt	356	7	116.5	61.5	60.0	223.0	25.0	48.0
alpha_rarefaction_356_8.txt	356	8	108.8	77.4285714286	69.0	42.1666666667	13.0	22.3333333333
alpha_rarefaction_356_9.txt	356	9	110.882352941	46.0	74.0	71.5	38.0	28.0
alpha_rarefaction_702_0.txt	702	0	154.714285714	63.8333333333	108.111111111	102.375	35.3333333333	40.2
alpha_rarefaction_702_1.txt	702	1	140.0	60.6875	75.8333333333	55.0	21.0	30.25
alpha_rarefaction_702_2.txt	702	2	121.0	84.0	68.5	49.5	18.5	51.3333333333
alpha_rarefaction_702_3.txt	702	3	129.0	81.0	85.6666666667	80.5	33.0	30.875
alpha_rarefaction_702_4.txt	702	4	134.047619048	62.5454545455	79.8823529412	89.0	60.0	43.0
alpha_rarefaction_702_5.txt	702	5	126.15	84.0	103.428571429	66.25	22.1428571429	46.0
alpha_rarefaction_702_6.txt	702	6	128.833333333	75.0	68.7142857143	54.4285714286	155.0	50.6666666667
alpha_rarefaction_702_7.txt	702	7	145.882352941	72.0	73.4285714286	61.4285714286	96.0	29.4285714286
alpha_rarefaction_702_8.txt	702	8	166.0	72.0909090909	83.2307692308	78.5	30.0	29.25
alpha_rarefaction_702_9.txt	702	9	102.789473684	51.0769230769	92.0	147.5	39.0	65.0
alpha_rarefaction_1048_0.txt	1048	0	152.130434783	109.428571429	89.0	101.333333333	41.2	41.0
alpha_rarefaction_1048_1.txt	1048	1	136.05	76.25	94.25	89.625	26.0	78.5
alpha_rarefaction_1048_2.txt	1048	2	152.535714286	78.4615384615	91.0833333333	102.166666667	48.0	44.125
alpha_rarefaction_1048_3.txt	1048	3	156.260869565	77.1	82.2142857143	93.4285714286	32.4285714286	46.9090909091
alpha_rarefaction_1048_4.txt	1048	4	141.047619048	67.0	117.0	99.25	40.125	51.0
alpha_rarefaction_1048_5.txt	1048	5	124.615384615	83.2307692308	93.4	143.0	37.0	89.0
alpha_rarefaction_1048_6.txt	1048	6	149.0	68.9090909091	86.1111111111	89.0	65.0	50.8571428571
alpha_rarefaction_1048_7.txt	1048	7	147.045454545	71.2727272727	113.857142857	101.5	46.75	46.0
alpha_rarefaction_1048_8.txt	1048	8	145.045454545	86.1176470588	84.7692307692	78.0	36.5	64.6666666667
alpha_rarefaction_1048_9.txt	1048	9	119.315789474	95.5	86.0	108.8	38.1666666667	44.3333333333
alpha_rarefaction_1394_0.txt	1394	0	132.666666667	73.3636363636	94.1428571429	108.0	30.8571428571	38.75
alpha_rarefaction_1394_1.txt	1394	1	142.533333333	69.0	97.25	126.333333333	43.1666666667	41.375
alpha_rarefaction_1394_2.txt	1394	2	183.142857143	70.5	81.0	97.4615384615	48.75	47.5
alpha_rarefaction_1394_3.txt	1394	3	153.5	83.375	87.0	110.75	32.8571428571	61.5
alpha_rarefaction_1394_4.txt	1394	4	123.7	83.0909090909	114.25	81.5555555556	27.6	46.6
alpha_rarefaction_1394_5.txt	1394	5	188.956521739	88.0	100.0	96.0	31.1666666667	52.0
alpha_rarefaction_1394_6.txt	1394	6	156.3	65.75	119.833333333	111.75	43.5	44.6666666667
alpha_rarefaction_1394_7.txt	1394	7	125.035714286	82.375	93.0	95.9090909091	41.6	75.0
alpha_rarefaction_1394_8.txt	1394	8	137.428571429	90.3125	90.6153846154	86.2	54.2	41.6666666667
alpha_rarefaction_1394_9.txt	1394	9	164.041666667	81.1538461538	91.3529411765	123.428571429	42.5	57.2
alpha_rarefaction_1740_0.txt	1740	0	184.5625	91.0	93.4	118.461538462	29.6	47.6666666667
alpha_rarefaction_1740_1.txt	1740	1	142.5	82.0	111.333333333	119.769230769	39.2	53.0
alpha_rarefaction_1740_2.txt	1740	2	133.0	95.6	80.375	98.3529411765	47.2	78.0
alpha_rarefaction_1740_3.txt	1740	3	151.333333333	92.0833333333	107.0	103.066666667	42.1428571429	48.9090909091
alpha_rarefaction_1740_4.txt	1740	4	145.583333333	79.3636363636	118.909090909	97.0	40.2	45.0
alpha_rarefaction_1740_5.txt	1740	5	145.965517241	113.857142857	112.545454545	114.0	52.8571428571	89.5
alpha_rarefaction_1740_6.txt	1740	6	161.333333333	80.9090909091	114.111111111	82.6666666667	57.5	44.1111111111
alpha_rarefaction_1740_7.txt	1740	7	177.454545455	69.5833333333	121.875	93.2307692308	46.0	58.1538461538
alpha_rarefaction_1740_8.txt	1740	8	154.774193548	90.0	110.0	91.2	46.5	59.125
alpha_rarefaction_1740_9.txt	1740	9	161.84	71.5	93.1578947368	113.153846154	44.5	55.125
alpha_rarefaction_2086_0.txt	2086	0	151.038461538	71.3529411765	106.25	114.615384615	40.0	48.5625
alpha_rarefaction_2086_1.txt	2086	1	160.476190476	84.25	116.545454545	107.545454545	35.0909090909	44.7142857143
alpha_rarefaction_2086_2.txt	2086	2	147.344827586	72.4375	163.5	132.545454545	77.3333333333	80.0
alpha_rarefaction_2086_3.txt	2086	3	142.206896552	83.3636363636	109.875	121.0	40.75	48.5833333333
alpha_rarefaction_2086_4.txt	2086	4	137.0	77.5	104.230769231	105.058823529	49.1428571429	78.0
alpha_rarefaction_2086_5.txt	2086	5	165.730769231	102.875	146.0	94.5555555556	43.1666666667	41.0
alpha_rarefaction_2086_6.txt	2086	6	141.25	75.3333333333	121.625	97.75	32.4285714286	61.2727272727
alpha_rarefaction_2086_7.txt	2086	7	148.576923077	82.0	87.1764705882	97.375	43.6	69.1428571429
alpha_rarefaction_2086_8.txt	2086	8	161.444444444	76.8333333333	93.4615384615	115.666666667	41.1428571429	54.75
alpha_rarefaction_2086_9.txt	2086	9	145.25	81.0526315789	107.0	96.7142857143	43.0	56.1111111111
alpha_rarefaction_2432_0.txt	2432	0	147.916666667	88.5454545455	108.461538462	95.4347826087	29.3333333333	44.3333333333
alpha_rarefaction_2432_1.txt	2432	1	158.615384615	88.6666666667	125.625	99.3684210526	42.1428571429	49.1428571429
alpha_rarefaction_2432_2.txt	2432	2	154.576923077	102.3	123.0	98.1818181818	38.0	46.2727272727
alpha_rarefaction_2432_3.txt	2432	3	145.5	84.5454545455	123.111111111	120.5	35.5833333333	68.4285714286
alpha_rarefaction_2432_4.txt	2432	4	164.476190476	80.2727272727	158.0	99.1666666667	45.0	50.0769230769
alpha_rarefaction_2432_5.txt	2432	5	156.551724138	80.0666666667	113.071428571	105.789473684	41.6666666667	51.1
alpha_rarefaction_2432_6.txt	2432	6	158.615384615	85.9285714286	135.1875	101.894736842	47.0	114.0
alpha_rarefaction_2432_7.txt	2432	7	152.7	78.1052631579	114.272727273	116.0	44.0	60.0
alpha_rarefaction_2432_8.txt	2432	8	154.322580645	80.0	102.428571429	93.55	39.0	63.0
alpha_rarefaction_2432_9.txt	2432	9	146.676470588	76.0555555556	109.3	101.142857143	41.25	52.6666666667
alpha_rarefaction_2778_0.txt	2778	0	153.5	84.375	113.0	103.2	56.0	49.0
alpha_rarefaction_2778_1.txt	2778	1	152.535714286	95.75	117.666666667	108.352941176	38.1111111111	60.7692307692
alpha_rarefaction_2778_2.txt	2778	2	164.44	84.0	141.090909091	101.454545455	62.5	63.0
alpha_rarefaction_2778_3.txt	2778	3	146.0	87.6666666667	133.0	112.058823529	56.0	60.0
alpha_rarefaction_2778_4.txt	2778	4	164.44	91.3333333333	107.25	109.8	33.5	63.1111111111
alpha_rarefaction_2778_5.txt	2778	5	148.96875	81.2	132.0	115.05	53.0	62.5
alpha_rarefaction_2778_6.txt	2778	6	149.0	85.375	163.111111111	125.375	48.0	69.75
alpha_rarefaction_2778_7.txt	2778	7	152.8	87.7692307692	135.75	103.473684211	37.5	48.0
alpha_rarefaction_2778_8.txt	2778	8	158.555555556	79.5882352941	124.105263158	99.9130434783	43.0	54.0
alpha_rarefaction_2778_9.txt	2778	9	167.037037037	92.75	123.2	101.772727273	46.1428571429	67.0
alpha_rarefaction_3124_0.txt	3124	0	158.303030303	94.1111111111	135.769230769	107.217391304	45.75	66.1
alpha_rarefaction_3124_1.txt	3124	1	151.04	80.5	132.0	102.894736842	53.2	88.4285714286
alpha_rarefaction_3124_2.txt	3124	2	165.25	102.0	102.75	103.4	45.75	86.4285714286
alpha_rarefaction_3124_3.txt	3124	3	145.833333333	86.5454545455	150.75	101.12	47.375	56.0
alpha_rarefaction_3124_4.txt	3124	4	149.04	93.0	145.6	102.181818182	56.0	58.3333333333
alpha_rarefaction_3124_5.txt	3124	5	160.222222222	88.5	131.0625	113.789473684	58.0	63.8571428571
alpha_rarefaction_3124_6.txt	3124	6	159.142857143	93.9090909091	104.214285714	107.136363636	44.75	73.1428571429
alpha_rarefaction_3124_7.txt	3124	7	149.823529412	88.2307692308	135.545454545	95.0	43.25	54.5454545455
alpha_rarefaction_3124_8.txt	3124	8	138.375	87.1	139.5	102.12	47.375	57.0
alpha_rarefaction_3124_9.txt	3124	9	147.135135135	95.0	110.0	109.545454545	42.1666666667	55.5
alpha_rarefaction_3470_0.txt	3470	0	163.75	92.0	128.25	102.625	52.1666666667	52.75
alpha_rarefaction_3470_1.txt	3470	1	178.315789474	88.75	132.230769231	100.0	55.2	59.4615384615
alpha_rarefaction_3470_2.txt	3470	2	154.043478261	83.4	142.0625	102.625	55.2	65.5
alpha_rarefaction_3470_3.txt	3470	3	147.129032258	94.3333333333	131.1	104.434782609	55.2	52.2307692308
alpha_rarefaction_3470_4.txt	3470	4	166.772727273	85.2	117.0	104.434782609	55.2	57.6666666667
alpha_rarefaction_3470_5.txt	3470	5	164.105263158	102.666666667	120.625	102.625	55.2	66.2142857143
alpha_rarefaction_3470_6.txt	3470	6	152.0	86.3333333333	117.0	102.625	55.2	82.625
alpha_rarefaction_3470_7.txt	3470	7	161.714285714	83.3333333333	140.545454545	100.541666667	55.2	57.1666666667
alpha_rarefaction_3470_8.txt	3470	8	153.161290323	85.6666666667	126.5	102.625	55.2	89.4285714286
alpha_rarefaction_3470_9.txt	3470	9	158.5	80.8823529412	108.4375	102.625	55.2	62.0