	sequences per sample	iteration	D1af	D3af	D5bf	D1bf	C12	C11
alpha_rarefaction_10_0.txt	10	0	0.78	0.48	0.78	0.7	0.0	0.18
alpha_rarefaction_10_1.txt	10	1	0.66	0.34	0.76	0.64	0.18	0.0
alpha_rarefaction_10_2.txt	10	2	0.82	0.34	0.76	0.72	0.0	0.32
alpha_rarefaction_10_3.txt	10	3	0.72	0.34	0.58	0.58	0.0	0.0
alpha_rarefaction_10_4.txt	10	4	0.58	0.48	0.84	0.66	0.0	0.18
alpha_rarefaction_10_5.txt	10	5	0.68	0.34	0.6	0.66	0.0	0.0
alpha_rarefaction_10_6.txt	10	6	0.78	0.34	0.58	0.74	0.0	0.0
alpha_rarefaction_10_7.txt	10	7	0.78	0.34	0.68	0.74	0.0	0.34
alpha_rarefaction_10_8.txt	10	8	0.82	0.76	0.64	0.62	0.18	0.0
alpha_rarefaction_10_9.txt	10	9	0.84	0.6	0.86	0.64	0.0	0.34
alpha_rarefaction_356_0.txt	356	0	0.752446029542	0.378392879687	0.747396162101	0.733572149981	0.0875678575937	0.113748264108
alpha_rarefaction_356_1.txt	356	1	0.768574043681	0.402300845853	0.7443504608	0.746796490342	0.129513319025	0.129339729832
alpha_rarefaction_356_2.txt	356	2	0.770357278121	0.424930564323	0.763776669612	0.749684383285	0.124132054034	0.159922989522
alpha_rarefaction_356_3.txt	356	3	0.776480242394	0.449043681353	0.754308168161	0.726202499684	0.113842949123	0.155030930438
alpha_rarefaction_356_4.txt	356	4	0.766538315869	0.428923115768	0.754055674789	0.724261456887	0.119224214114	0.123563943946
alpha_rarefaction_356_5.txt	356	5	0.791866557253	0.430090897614	0.711747254135	0.756438580987	0.103474940033	0.129781593233
alpha_rarefaction_356_6.txt	356	6	0.754434414847	0.370376215124	0.769836510542	0.744066405757	0.113685140765	0.180343390986
alpha_rarefaction_356_7.txt	356	7	0.768005933594	0.395073223078	0.740468375205	0.733414341624	0.108319656609	0.129134578967
alpha_rarefaction_356_8.txt	356	8	0.767721878551	0.397755965156	0.747333038758	0.739426840045	0.0713451584396	0.144599798005
alpha_rarefaction_356_9.txt	356	9	0.798210453226	0.383237596263	0.736365357909	0.753834743088	0.0714398434541	0.160270167908
alpha_rarefaction_702_0.txt	702	0	0.764307919579	0.393385605636	0.732640157142	0.737120640255	0.112511262084	0.151833183172
alpha_rarefaction_702_1.txt	702	1	0.77477861381	0.370569232393	0.738289461936	0.734137709921	0.0912289672973	0.151601853881
alpha_rarefaction_702_2.txt	702	2	0.778735562211	0.424408081103	0.756783630003	0.732530580109	0.0887249291808	0.158963807112
alpha_rarefaction_702_3.txt	702	3	0.78968514866	0.391461919952	0.742149008531	0.744563761658	0.14171557049	0.182742023198
alpha_rarefaction_702_4.txt	702	4	0.779181987159	0.40267530296	0.751288544736	0.73287960325	0.086074788354	0.14676423081
alpha_rarefaction_702_5.txt	702	5	0.742023197864	0.429006258066	0.717368365517	0.742023197864	0.109913880569	0.164828207563
alpha_rarefaction_702_6.txt	702	6	0.768126882087	0.397845796706	0.734535433966	0.744133570344	0.0832663695912	0.172693403463
alpha_rarefaction_702_7.txt	702	7	0.757733297619	0.396449704142	0.758017386223	0.738528908045	0.112584313439	0.175343544289
alpha_rarefaction_702_8.txt	702	8	0.768585482261	0.438916891908	0.762079853248	0.740079220136	0.067053027167	0.128412107045
alpha_rarefaction_702_9.txt	702	9	0.768350094561	0.41095039813	0.746795886397	0.749904627398	0.10715416271	0.151821007946
alpha_rarefaction_1048_0.txt	1048	0	0.765855355166	0.432545087699	0.744613513199	0.740152089039	0.105229517511	0.160990035546
alpha_rarefaction_1048_1.txt	1048	1	0.760776615582	0.382471519725	0.729752418274	0.741696288095	0.0980875968766	0.161061054134
alpha_rarefaction_1048_2.txt	1048	2	0.771148971505	0.417933468329	0.741521473108	0.732866310238	0.106908469786	0.181549006468
alpha_rarefaction_1048_3.txt	1048	3	0.759527416817	0.422959399219	0.748517714585	0.733283316823	0.106997698269	0.169748994814
alpha_rarefaction_1048_4.txt	1048	4	0.752625866791	0.42112566284	0.736444554513	0.751180001165	0.114268909154	0.18287468679
alpha_rarefaction_1048_5.txt	1048	5	0.788865377892	0.411829511683	0.761306523513	0.746955305635	0.103475904668	0.173012207913
alpha_rarefaction_1048_6.txt	1048	6	0.780457869588	0.421819459822	0.726074019579	0.741089898607	0.105378838646	0.138588223297
alpha_rarefaction_1048_7.txt	1048	7	0.767798350912	0.380506672105	0.743005579512	0.746079409708	0.0982769797797	0.134973559233
alpha_rarefaction_1048_8.txt	1048	8	0.782799662024	0.444780315832	0.761386647049	0.744092710215	0.103370287279	0.157732285415
alpha_rarefaction_1048_9.txt	1048	9	0.765928194744	0.416928282151	0.758673372764	0.737646407552	0.105151214964	0.154410800653
alpha_rarefaction_1394_0.txt	1394	0	0.769082087816	0.390205821629	0.733450800623	0.753937246943	0.098600478789	0.165282034709
alpha_rarefaction_1394_1.txt	1394	1	0.75998386197	0.394458521765	0.766767392123	0.742564464635	0.116123826442	0.168046495639
alpha_rarefaction_1394_2.txt	1394	2	0.775940750377	0.42787700516	0.749479733805	0.753733463151	0.108183463048	0.16420445072
alpha_rarefaction_1394_3.txt	1394	3	0.776520196209	0.392260126922	0.745618133876	0.747655971791	0.110823389439	0.14506524169
alpha_rarefaction_1394_4.txt	1394	4	0.76507845676	0.414398457007	0.740322842928	0.737291816331	0.100030052963	0.15011249277
alpha_rarefaction_1394_5.txt	1394	5	0.77302499542	0.416458937566	0.751291145285	0.74601746777	0.0959080626337	0.164056244326
alpha_rarefaction_1394_6.txt	1394	6	0.768688929188	0.401440689654	0.759316933198	0.751029725674	0.106729187808	0.17723632127
alpha_rarefaction_1394_7.txt	1394	7	0.77470055104	0.428736396403	0.748508158556	0.74762612467	0.118832709974	0.142231823618
alpha_rarefaction_1394_8.txt	1394	8	0.776963786179	0.435451998625	0.760422305886	0.740038780673	0.0947306451713	0.14491188924
alpha_rarefaction_1394_9.txt	1394	9	0.768451181431	0.417263780622	0.7380421112	0.734986383538	0.100072250617	0.143731384145
alpha_rarefaction_1740_0.txt	1740	0	0.77313515656	0.397475227903	0.742836570221	0.748543400713	0.107640375215	0.15838023517
alpha_rarefaction_1740_1.txt	1740	1	0.770951909103	0.403879640639	0.749731800766	0.750992865636	0.100172413793	0.136303342582
alpha_rarefaction_1740_2.txt	1740	2	0.78087594134	0.408985995508	0.729528339279	0.744547496367	0.0992680671159	0.143480644735
alpha_rarefaction_1740_3.txt	1740	3	0.778958911349	0.405825736557	0.747982560444	0.74229422645	0.107981239265	0.151159994715
alpha_rarefaction_1740_4.txt	1740	4	0.781353547364	0.389205971727	0.741362795614	0.747347734179	0.104544193421	0.158320782138
alpha_rarefaction_1740_5.txt	1740	5	0.771213502444	0.413126568899	0.744267406527	0.742833267274	0.0938532170696	0.145725987581
alpha_rarefaction_1740_6.txt	1740	6	0.762028008984	0.415529792575	0.731771039767	0.7484152464	0.101404412736	0.158836702338
alpha_rarefaction_1740_7.txt	1740	7	0.766375346809	0.410153917294	0.74416831814	0.742918483287	0.108888888889	0.161340335579
alpha_rarefaction_1740_8.txt	1740	8	0.778219711983	0.40108600872	0.756031840402	0.745605099749	0.0906084026952	0.173968159598
alpha_rarefaction_1740_9.txt	1740	9	0.768650416171	0.414634694147	0.751292773154	0.742018100145	0.0989714625446	0.146805390408
alpha_rarefaction_2086_0.txt	2086	0	0.767055446114	0.387741772985	0.760473190673	0.747593645809	0.102147448773	0.162159454115
alpha_rarefaction_2086_1.txt	2086	1	0.773270463088	0.417802470747	0.74138828091	0.742887569874	0.10840704914	0.164635441132
alpha_rarefaction_2086_2.txt	2086	2	0.773150501586	0.41984687213	0.731698516982	0.738833698427	0.108380391029	0.16278821785
alpha_rarefaction_2086_3.txt	2086	3	0.777572071124	0.414212818139	0.761372212504	0.74199865974	0.103901368664	0.148290801389
alpha_rarefaction_2086_4.txt	2086	4	0.777328471139	0.411230327003	0.748958265347	0.744067880744	0.0994287810165	0.143236791136
alpha_rarefaction_2086_5.txt	2086	5	0.773566000428	0.396869418458	0.753711222789	0.742364978963	0.0938843534351	0.155482056793
alpha_rarefaction_2086_6.txt	2086	6	0.764457199483	0.408766290174	0.747531137134	0.75179229838	0.102920074385	0.149790090353
alpha_rarefaction_2086_7.txt	2086	7	0.770317387799	0.394722521232	0.738717413906	0.746496067009	0.0975856943381	0.151663512123
alpha_rarefaction_2086_8.txt	2086	8	0.768454077726	0.414654975093	0.754170845402	0.744862568242	0.0985734233336	0.141402437287
alpha_rarefaction_2086_9.txt	2086	9	0.776150458382	0.405929499407	0.749215194388	0.74616375986	0.0985573365421	0.157630332886
alpha_rarefaction_2432_0.txt	2432	0	0.773854770819	0.408895307631	0.749795084185	0.74549117577	0.10266992458	0.153386250757
alpha_rarefaction_2432_1.txt	2432	1	0.768950993334	0.406956722862	0.739008599701	0.745822219637	0.0995640635821	0.139939580267
alpha_rarefaction_2432_2.txt	2432	2	0.769180593728	0.405013742209	0.752268276056	0.744008072195	0.0980610094572	0.155454345027
alpha_rarefaction_2432_3.txt	2432	3	0.773622465266	0.420520729636	0.747072341369	0.74513646176	0.0995468181917	0.161947741733
alpha_rarefaction_2432_4.txt	2432	4	0.772854538175	0.421258899974	0.753172475545	0.740835934795	0.0994879809773	0.155553083341
alpha_rarefaction_2432_5.txt	2432	5	0.765513074035	0.40809086089	0.752304457561	0.747621826848	0.101937502705	0.151899765733
alpha_rarefaction_2432_6.txt	2432	6	0.76645277874	0.41329119146	0.745535134609	0.74784094475	0.105062299818	0.156461340569
alpha_rarefaction_2432_7.txt	2432	7	0.766973860046	0.404718541703	0.745792462885	0.740916075139	0.0965630275061	0.145327919408
alpha_rarefaction_2432_8.txt	2432	8	0.772289159886	0.397870430986	0.725383726844	0.745193946395	0.107282897442	0.145915615261
alpha_rarefaction_2432_9.txt	2432	9	0.777516880194	0.405802972429	0.747535261751	0.740285434881	0.108871502229	0.155687665015
alpha_rarefaction_2778_0.txt	2778	0	0.770144781506	0.406297863342	0.762975160691	0.745625015226	0.110474099437	0.156655890855
alpha_rarefaction_2778_1.txt	2778	1	0.777457457831	0.41061026133	0.751205475916	0.743959403334	0.100454512235	0.162730307709
alpha_rarefaction_2778_2.txt	2778	2	0.773088044965	0.399731563592	0.74266879384	0.744698782629	0.103153130039	0.144487620256
alpha_rarefaction_2778_3.txt	2778	3	0.767989359987	0.399801277237	0.751880843053	0.742913180337	0.101807319777	0.138023428968
alpha_rarefaction_2778_4.txt	2778	4	0.7814412428	0.418097869665	0.738785044065	0.743621201449	0.10246921067	0.158761813094
alpha_rarefaction_2778_5.txt	2778	5	0.77692229546	0.417555710014	0.753942190024	0.745290700718	0.0970255856853	0.167058773527
alpha_rarefaction_2778_6.txt	2778	6	0.774185581352	0.407813163284	0.734162951629	0.745035429563	0.1085762815	0.147435807727
alpha_rarefaction_2778_7.txt	2778	7	0.77622101247	0.404470018208	0.730898072431	0.742018046764	0.103750749616	0.159900037371
alpha_rarefaction_2778_8.txt	2778	8	0.770586128488	0.410599117513	0.748860350351	0.742383201137	0.0997470094401	0.157875490911
alpha_rarefaction_2778_9.txt	2778	9	0.777574338329	0.403053198509	0.754938136267	0.742376981332	0.103171789453	0.142964804716
alpha_rarefaction_3124_0.txt	3124	0	0.772446722004	0.41377092142	0.744383247454	0.74465170724	0.100440233064	0.1541649794
alpha_rarefaction_3124_1.txt	3124	1	0.771821886973	0.399328809547	0.747258636208	0.744872418073	0.102282973829	0.149902821656
alpha_rarefaction_3124_2.txt	3124	2	0.776229340892	0.400375597784	0.741226693182	0.740895524468	0.103467475789	0.162173688154
alpha_rarefaction_3124_3.txt	3124	3	0.768191326986	0.407953951154	0.746774383936	0.74464986286	0.106460290084	0.144688348927
alpha_rarefaction_3124_4.txt	3124	4	0.763884084392	0.408785766631	0.740907205543	0.743658815892	0.099266182592	0.142022604724
alpha_rarefaction_3124_5.txt	3124	5	0.770461349168	0.406719445997	0.748451745276	0.743819072039	0.0998783118921	0.138930193898
alpha_rarefaction_3124_6.txt	3124	6	0.772146497891	0.41959957276	0.74877758578	0.74175541551	0.10170342858	0.149578825531
alpha_rarefaction_3124_7.txt	3124	7	0.771921483505	0.40479698702	0.733953277341	0.741766891654	0.103468090583	0.142240241589
alpha_rarefaction_3124_8.txt	3124	8	0.768498108895	0.412293367937	0.753038309007	0.745564265584	0.102901865857	0.143109354533
alpha_rarefaction_3124_9.txt	3124	9	0.772770718128	0.409490319873	0.737317426852	0.744064989401	0.0981046329192	0.154677512169
alpha_rarefaction_3470_0.txt	3470	0	0.768451195509	0.405257414313	0.740854421181	0.744348678255	0.101055402835	0.146013005672
alpha_rarefaction_3470_1.txt	3470	1	0.770480944115	0.405301929258	0.737887367223	0.742896295127	0.101601209212	0.15610444402
alpha_rarefaction_3470_2.txt	3470	2	0.763789085533	0.400688652842	0.738568711641	0.744265461884	0.101601209212	0.145326346037
alpha_rarefaction_3470_3.txt	3470	3	0.772252904683	0.410398724348	0.729120746788	0.74367729987	0.101601209212	0.162092368511
alpha_rarefaction_3470_4.txt	3470	4	0.766969246485	0.400503118538	0.744044215964	0.743240289347	0.101601209212	0.15501067196
alpha_rarefaction_3470_5.txt	3470	5	0.776416713036	0.403932928602	0.729053309969	0.743971297827	0.101601209212	0.160166764943
alpha_rarefaction_3470_6.txt	3470	6	0.778466559809	0.41393849297	0.736956705894	0.742994460547	0.101601209212	0.155575413798
alpha_rarefaction_3470_7.txt	3470	7	0.770137780398	0.403879610328	0.748763630626	0.743275336561	0.101601209212	0.150724613609
alpha_rarefaction_3470_8.txt	3470	8	0.774397262663	0.410116187328	0.743332641248	0.743661520318	0.101067860376	0.15068209187
alpha_rarefaction_3470_9.txt	3470	9	0.772317517794	0.399526115158	0.745527327691	0.743874959513	0.101601209212	0.147822837163