# Constructed from biom file
#OTU ID	MN12	MN13	MN15	MT209	MT210	MT213	SM2	SM4	SM5	T1	T2	T9	TL1	TL2	TL3	TS4	TS6	TS8
Unassigned;Other;Other;Other	0.00278516267882	0.00341815419673	0.0192429421446	0.00911507785796	0.00253196607165	0.00835548803646	0.00354475250032	0.00417774401823	0.00405114571465	0.000253196607165	0.00113938473224	0.0132928218762	0.00987466767945	0.00607671857197	0.0111406507153	0.00341815419673	0.00696290669705	0.00607671857197
k__Bacteria;p__Acidobacteria;c__DA052;o__Ellin6513	0.0	0.0	0.0	0.0	0.0	0.000126598303583	0.0	0.0	0.0	0.000886188125079	0.000759589821496	0.0	0.00113938473224	0.000126598303583	0.00303835928599	0.0	0.000253196607165	0.000379794910748
k__Bacteria;p__Acidobacteria;c__Solibacteres;o__Solibacterales	0.0	0.0	0.0	0.0	0.0	0.0	0.0	0.0	0.0	0.000632991517914	0.0	0.0	0.00139258133941	0.0	0.000379794910748	0.000126598303583	0.0	0.000126598303583
k__Bacteria;p__Actinobacteria;c__Acidimicrobiia;o__Acidimicrobiales	0.0	0.0	0.0	0.0	0.0	0.0	0.000886188125079	0.00253196607165	0.0	0.000759589821496	0.00696290669705	0.000506393214331	0.0112672490189	0.00557032535764	0.00265856437524	0.00278516267882	0.00101278642866	0.000126598303583
k__Bacteria;p__Armatimonadetes;c__[Fimbriimonadia];o__[Fimbriimonadales]	0.0	0.0	0.0	0.0	0.000126598303583	0.0	0.0	0.00151917964299	0.0	0.00354475250032	0.00632991517914	0.00898847955437	0.00860868464363	0.00468413723256	0.00822888973288	0.000379794910748	0.0	0.0
k__Bacteria;p__Bacteroidetes;c__Bacteroidia;o__Bacteroidales	0.00278516267882	0.0029117609824	0.000253196607165	0.0	0.0	0.0	0.0	0.0	0.0	0.0	0.0	0.0	0.0	0.0	0.00379794910748	0.0	0.0	0.0
k__Bacteria;p__Bacteroidetes;c__Cytophagia;o__Cytophagales	0.000506393214331	0.0	0.000126598303583	0.0	0.0	0.0	0.0	0.0	0.0	0.00595012026839	0.00557032535764	0.0	0.00582352196481	0.00177237625016	0.00177237625016	0.000759589821496	0.0	0.000379794910748
k__Bacteria;p__Bacteroidetes;c__Flavobacteriia;o__Flavobacteriales	0.00354475250032	0.000126598303583	0.00683630839347	0.0	0.0	0.0	0.0	0.00417774401823	0.0	0.00113938473224	0.00177237625016	0.00329155589315	0.00405114571465	0.00645651348272	0.0139258133941	0.000506393214331	0.000379794910748	0.000253196607165
k__Bacteria;p__Bacteroidetes;c__[Rhodothermi];o__[Rhodothermales]	0.0	0.0	0.0	0.0	0.0	0.0	0.0	0.0	0.0	0.0	0.0	0.0	0.00189897455374	0.0	0.0036713508039	0.0	0.0	0.0
k__Bacteria;p__Bacteroidetes;c__[Saprospirae];o__[Saprospirales]	0.000253196607165	0.000126598303583	0.00113938473224	0.0353209266996	0.00468413723256	0.0639321433093	0.00569692366122	0.022154703127	0.000759589821496	0.0810229142929	0.120015191796	0.049753133308	0.216103304216	0.159640460818	0.206988226358	0.0184833523231	0.00329155589315	0.00240536776807
k__Bacteria;p__Chloroflexi;c__Ktedonobacteria;o__Thermogemmatisporales	0.0	0.0	0.0	0.00303835928599	0.000126598303583	0.000126598303583	0.000253196607165	0.000632991517914	0.0	0.00215217116091	0.000253196607165	0.00784909482213	0.014558804912	0.0127864286619	0.0134194201798	0.000126598303583	0.0	0.0
k__Bacteria;p__Cyanobacteria;c__4C0d-2;o__MLE1-12	0.0	0.000253196607165	0.000253196607165	0.00924167616154	0.00101278642866	0.00101278642866	0.0	0.0036713508039	0.000126598303583	0.0131662235726	0.0127864286619	0.0189897455374	0.0455753892898	0.0289910115204	0.0359539182175	0.00569692366122	0.000253196607165	0.000632991517914
k__Bacteria;p__Cyanobacteria;c__Chloroplast;o__	0.0	0.0	0.0	0.0	0.0	0.0	0.0	0.0	0.0	0.0	0.00177237625016	0.000759589821496	0.0	0.0	0.0	0.0	0.0	0.0
k__Bacteria;p__Cyanobacteria;c__Synechococcophycideae;o__Synechococcales	0.0	0.0	0.0	0.0	0.0	0.0	0.0	0.00177237625016	0.0	0.000886188125079	0.00354475250032	0.000506393214331	0.00164577794658	0.00189897455374	0.00303835928599	0.0	0.0	0.000126598303583
k__Bacteria;p__Firmicutes;c__Clostridia;o__Clostridiales	0.119888593493	0.250158247879	0.0368401063426	0.0	0.0	0.0	0.0	0.0	0.0	0.0	0.0	0.0	0.0	0.0	0.00253196607165	0.0	0.0	0.0
k__Bacteria;p__Fusobacteria;c__Fusobacteriia;o__Fusobacteriales	0.00354475250032	0.0	0.0	0.0	0.0	0.0	0.0	0.0	0.0	0.0	0.0	0.0	0.0	0.0	0.00139258133941	0.0	0.0	0.0
k__Bacteria;p__Lentisphaerae;c__[Lentisphaeria];o__Lentisphaerales	0.0177237625016	0.160020255729	0.413849854412	0.0	0.0	0.0	0.0	0.0	0.0	0.00177237625016	0.00139258133941	0.0	0.0	0.00278516267882	0.0	0.0	0.0	0.0
k__Bacteria;p__Planctomycetes;c__BD7-11;o__	0.0	0.0	0.0	0.0	0.0	0.00177237625016	0.000253196607165	0.000253196607165	0.0	0.000379794910748	0.00544372705406	0.00519053044689	0.000253196607165	0.000506393214331	0.00848208634004	0.00164577794658	0.0	0.0
k__Bacteria;p__Planctomycetes;c__Phycisphaerae;o__Phycisphaerales	0.0	0.0	0.0	0.0	0.0	0.0	0.0	0.0	0.0	0.0	0.0	0.00151917964299	0.0	0.0	0.0	0.0	0.0	0.0
k__Bacteria;p__Planctomycetes;c__Planctomycetia;o__Gemmatales	0.0	0.0	0.0	0.0	0.0	0.0	0.000126598303583	0.0	0.0	0.00151917964299	0.00177237625016	0.000759589821496	0.00151917964299	0.000632991517914	0.00177237625016	0.000506393214331	0.000126598303583	0.0
k__Bacteria;p__Proteobacteria;c__Alphaproteobacteria;o__	0.000253196607165	0.0	0.000126598303583	0.0116470439296	0.00177237625016	0.00379794910748	0.0	0.0	0.0	0.00240536776807	0.0036713508039	0.00329155589315	0.00202557285732	0.00620331687555	0.00544372705406	0.000253196607165	0.000506393214331	0.000126598303583
k__Bacteria;p__Proteobacteria;c__Alphaproteobacteria;o__Caulobacterales	0.000126598303583	0.000126598303583	0.00101278642866	0.0284846183061	0.0101278642866	0.0165843777693	0.00405114571465	0.0127864286619	0.00177237625016	0.0459551842005	0.0614001772376	0.0544372705406	0.0919103684011	0.0714014432207	0.100772249652	0.0154449930371	0.00202557285732	0.00215217116091
k__Bacteria;p__Proteobacteria;c__Alphaproteobacteria;o__Ellin329	0.000379794910748	0.0	0.00164577794658	0.0319027725028	0.00632991517914	0.0148120015192	0.0113938473224	0.0183567540195	0.00126598303583	0.0754525889353	0.078870743132	0.0608937840233	0.177364223319	0.14065071528	0.258007342702	0.0325357640208	0.00455753892898	0.00620331687555
k__Bacteria;p__Proteobacteria;c__Alphaproteobacteria;o__Kiloniellales	0.00113938473224	0.0036713508039	0.00316495758957	0.0	0.0	0.0	0.0	0.0	0.0	0.000759589821496	0.000632991517914	0.0	0.0	0.0	0.0	0.000126598303583	0.0	0.0
k__Bacteria;p__Proteobacteria;c__Alphaproteobacteria;o__Rhizobiales	0.000126598303583	0.000126598303583	0.0	0.0777313583998	0.0239270793771	0.0470945689328	0.00177237625016	0.0029117609824	0.000506393214331	0.00784909482213	0.0327889606279	0.014558804912	0.060387390809	0.0282314216989	0.0483605519686	0.00860868464363	0.000126598303583	0.000759589821496
k__Bacteria;p__Proteobacteria;c__Alphaproteobacteria;o__Rhodobacterales	0.0329155589315	0.0772249651855	0.0238004810736	0.0	0.0	0.0	0.000126598303583	0.0036713508039	0.0	0.00177237625016	0.00189897455374	0.00265856437524	0.00506393214331	0.00151917964299	0.000379794910748	0.0	0.000126598303583	0.00303835928599
k__Bacteria;p__Proteobacteria;c__Alphaproteobacteria;o__Rhodospirillales	0.000632991517914	0.0	0.000506393214331	0.0253196607165	0.0200025319661	0.0484871502722	0.00620331687555	0.0207621217876	0.00164577794658	0.0441828079504	0.0859602481327	0.0641853399164	0.0881124192936	0.127611090011	0.169135333587	0.0188631472338	0.00101278642866	0.00240536776807
k__Bacteria;p__Proteobacteria;c__Alphaproteobacteria;o__Rickettsiales	0.0	0.0	0.0	0.00101278642866	0.00240536776807	0.00278516267882	0.0	0.00151917964299	0.0	0.00468413723256	0.00835548803646	0.00139258133941	0.0107608558045	0.0073427016078	0.00164577794658	0.00405114571465	0.000506393214331	0.00189897455374
k__Bacteria;p__Proteobacteria;c__Alphaproteobacteria;o__Sphingomonadales	0.0	0.0	0.0	0.00202557285732	0.000126598303583	0.00265856437524	0.0	0.0	0.0	0.0	0.0	0.0	0.0	0.0	0.0	0.0	0.00151917964299	0.0
k__Bacteria;p__Proteobacteria;c__Betaproteobacteria;o__Burkholderiales	0.0	0.0	0.000126598303583	0.00253196607165	0.000379794910748	0.0101278642866	0.000886188125079	0.00177237625016	0.000126598303583	0.00227876946449	0.00113938473224	0.00557032535764	0.0255728573237	0.0183567540195	0.0150651981263	0.00126598303583	0.0	0.000126598303583
k__Bacteria;p__Proteobacteria;c__Deltaproteobacteria;o__	0.0112672490189	0.0220281048234	0.00202557285732	0.0	0.0	0.0	0.0	0.0	0.0	0.0	0.0	0.0	0.0	0.0	0.0	0.0	0.0	0.0
k__Bacteria;p__Proteobacteria;c__Deltaproteobacteria;o__Bdellovibrionales	0.000886188125079	0.00227876946449	0.00101278642866	0.0	0.0	0.0	0.0	0.0	0.0	0.0	0.0	0.0	0.0	0.0	0.0	0.0	0.0	0.0
k__Bacteria;p__Proteobacteria;c__Deltaproteobacteria;o__Myxococcales	0.0	0.0	0.0	0.000126598303583	0.0	0.00177237625016	0.0	0.000253196607165	0.0	0.00101278642866	0.0	0.000126598303583	0.00177237625016	0.0	0.00113938473224	0.0	0.0	0.0
k__Bacteria;p__Proteobacteria;c__Deltaproteobacteria;o__Spirobacillales	0.0	0.0	0.0	0.0	0.0	0.0	0.0	0.0	0.0	0.0	0.0	0.0	0.00227876946449	0.000126598303583	0.0	0.0	0.0	0.0
k__Bacteria;p__Proteobacteria;c__Deltaproteobacteria;o__Sva0853	0.0	0.0	0.0	0.0	0.0	0.0	0.0	0.000379794910748	0.0	0.0	0.00139258133941	0.0	0.0	0.0	0.00303835928599	0.0	0.0	0.0
k__Bacteria;p__Proteobacteria;c__Epsilonproteobacteria;o__Campylobacterales	0.437270540575	0.420686162805	0.190910241803	0.0	0.0	0.0	0.0	0.00113938473224	0.0	0.000506393214331	0.00227876946449	0.0	0.0	0.000506393214331	0.0	0.000253196607165	0.0	0.000759589821496
k__Bacteria;p__Proteobacteria;c__Gammaproteobacteria;o__	0.0112672490189	0.000632991517914	0.0441828079504	0.0	0.0	0.000379794910748	0.000253196607165	0.000886188125079	0.0	0.215090517787	0.0516521078618	0.0189897455374	0.0	0.0	0.0	0.000126598303583	0.000126598303583	0.000886188125079
k__Bacteria;p__Proteobacteria;c__Gammaproteobacteria;o__Alteromonadales	0.00607671857197	0.00316495758957	0.0158247879478	0.0	0.0	0.0	0.000379794910748	0.0268388403595	0.0	0.00303835928599	0.00595012026839	0.0036713508039	0.0	0.0044309406254	0.00113938473224	0.00721610330422	0.0240536776807	0.0513989112546
k__Bacteria;p__Proteobacteria;c__Gammaproteobacteria;o__Oceanospirillales	0.00873528294721	0.0105076591974	0.0277250284846	0.746676794531	0.924927205975	0.757817445246	0.938220027852	0.774528421319	0.988859349285	0.0225344980377	0.0106342575009	0.0348145334853	0.137359159387	0.308520065831	0.00557032535764	0.534498037726	0.568046588176	0.0868464362578
k__Bacteria;p__Proteobacteria;c__Gammaproteobacteria;o__Pseudomonadales	0.0	0.0	0.0	0.0	0.0	0.0107608558045	0.0	0.0	0.0	0.0	0.00481073553614	0.0	0.0	0.0	0.0	0.0	0.0	0.0
k__Bacteria;p__Proteobacteria;c__Gammaproteobacteria;o__Salinisphaerales	0.0	0.0	0.0	0.0	0.0	0.0	0.0	0.0	0.0	0.0	0.0	0.0	0.00189897455374	0.0	0.0	0.0	0.0	0.0
k__Bacteria;p__Proteobacteria;c__Gammaproteobacteria;o__Vibrionales	0.337764273959	0.0422838333966	0.209140397519	0.0	0.000126598303583	0.000379794910748	0.0243068742879	0.084947461704	0.0	0.440308899861	0.450563362451	0.608304848715	0.000632991517914	0.00240536776807	0.00557032535764	0.335105709583	0.384605646284	0.832257247753
k__Bacteria;p__Proteobacteria;c__Gammaproteobacteria;o__Xanthomonadales	0.000126598303583	0.000253196607165	0.000253196607165	0.0158247879478	0.00139258133941	0.00721610330422	0.00164577794658	0.00835548803646	0.000886188125079	0.0181035574123	0.0225344980377	0.014558804912	0.0711482466135	0.0478541587543	0.0622863653627	0.00721610330422	0.000379794910748	0.000632991517914
k__Bacteria;p__Proteobacteria;c__Gammaproteobacteria;o__[Marinicellales]	0.0	0.0	0.0	0.0	0.0	0.0	0.0	0.0	0.0	0.0	0.00392454741106	0.0	0.0	0.0	0.0	0.0	0.0	0.0
k__Bacteria;p__SAR406;c__AB16;o__Arctic96B-7	0.0	0.0	0.0	0.0	0.0	0.0	0.0	0.0	0.0	0.0	0.00202557285732	0.0	0.0	0.000759589821496	0.0	0.0	0.000126598303583	0.0
k__Bacteria;p__TM6;c__SJA-4;o__	0.0	0.0	0.0	0.0	0.0	0.0	0.0	0.0	0.0	0.0	0.0	0.00113938473224	0.0	0.000632991517914	0.000253196607165	0.0	0.0	0.0
k__Bacteria;p__Verrucomicrobia;c__Verruco-5;o__R76-B128	0.0	0.0	0.0	0.0	0.0	0.0	0.0	0.0	0.0	0.0	0.0	0.0	0.0	0.00151917964299	0.0	0.0	0.0	0.0