	sequences per sample	iteration	D1af	D3af	D5bf	D1bf	C12	C11
alpha_rarefaction_10_0.txt	10	0	12.0	2.0	6.5	6.5	2.0	2.0
alpha_rarefaction_10_1.txt	10	1	4.5	2.0	7.0	5.33333333333	2.0	1.0
alpha_rarefaction_10_2.txt	10	2	8.0	7.0	7.0	3.0	1.0	1.0
alpha_rarefaction_10_3.txt	10	3	3.0	4.0	3.0	6.5	2.0	4.0
alpha_rarefaction_10_4.txt	10	4	9.0	4.0	6.5	3.0	4.0	1.0
alpha_rarefaction_10_5.txt	10	5	4.5	4.0	6.5	16.0	1.0	1.0
alpha_rarefaction_10_6.txt	10	6	5.0	2.0	29.0	3.0	2.0	1.0
alpha_rarefaction_10_7.txt	10	7	8.0	4.0	11.0	4.0	2.0	1.0
alpha_rarefaction_10_8.txt	10	8	4.0	4.0	16.0	4.0	2.0	2.0
alpha_rarefaction_10_9.txt	10	9	11.0	16.0	7.0	7.0	4.0	2.0
alpha_rarefaction_356_0.txt	356	0	83.0	58.5	53.2307692308	52.25	30.0	18.2
alpha_rarefaction_356_1.txt	356	1	124.0	66.6666666667	70.0909090909	42.0	38.0	33.5
alpha_rarefaction_356_2.txt	356	2	109.866666667	49.1111111111	67.0909090909	40.1666666667	48.0	24.0
alpha_rarefaction_356_3.txt	356	3	84.0	67.1111111111	46.0	69.0	68.0	20.6
alpha_rarefaction_356_4.txt	356	4	120.909090909	40.5833333333	63.1538461538	66.0	26.25	33.5
alpha_rarefaction_356_5.txt	356	5	80.1	119.333333333	70.75	45.75	20.5	35.3333333333
alpha_rarefaction_356_6.txt	356	6	111.125	52.0	47.6666666667	70.3333333333	11.0	8.5
alpha_rarefaction_356_7.txt	356	7	201.5	65.6666666667	52.5833333333	42.125	35.5	20.0
alpha_rarefaction_356_8.txt	356	8	116.333333333	79.75	62.2727272727	71.3333333333	18.0	26.0
alpha_rarefaction_356_9.txt	356	9	152.142857143	86.875	82.3333333333	66.2	29.0	64.5
alpha_rarefaction_702_0.txt	702	0	166.0	60.6	80.0909090909	78.9090909091	23.1428571429	33.1428571429
alpha_rarefaction_702_1.txt	702	1	127.333333333	92.1111111111	103.8	48.0	22.2	22.0
alpha_rarefaction_702_2.txt	702	2	130.05	59.0	76.0	93.3333333333	29.0	31.0
alpha_rarefaction_702_3.txt	702	3	165.25	61.4615384615	87.1111111111	87.0	44.0	29.0
alpha_rarefaction_702_4.txt	702	4	150.0	69.5454545455	90.0	52.1111111111	24.0	88.3333333333
alpha_rarefaction_702_5.txt	702	5	117.0	64.1	100.111111111	79.5	27.25	32.0
alpha_rarefaction_702_6.txt	702	6	144.066666667	93.4285714286	83.2	53.25	16.0	39.6
alpha_rarefaction_702_7.txt	702	7	121.157894737	65.25	78.0	73.6666666667	28.0	67.0
alpha_rarefaction_702_8.txt	702	8	133.0	72.3333333333	73.1	69.0	40.0	42.0
alpha_rarefaction_702_9.txt	702	9	124.3125	68.1538461538	92.5	100.375	30.75	40.2
alpha_rarefaction_1048_0.txt	1048	0	122.15625	92.1428571429	77.0	62.6153846154	33.75	32.25
alpha_rarefaction_1048_1.txt	1048	1	104.181818182	74.5882352941	92.3	100.153846154	34.2	111.5
alpha_rarefaction_1048_2.txt	1048	2	141.555555556	92.5454545455	108.363636364	85.5	23.6666666667	43.6666666667
alpha_rarefaction_1048_3.txt	1048	3	136.0	75.0	108.111111111	136.666666667	45.75	31.6666666667
alpha_rarefaction_1048_4.txt	1048	4	131.954545455	76.1538461538	94.3	85.5	27.4285714286	51.0
alpha_rarefaction_1048_5.txt	1048	5	131.0	73.5714285714	107.428571429	86.0769230769	36.0	41.0
alpha_rarefaction_1048_6.txt	1048	6	153.0	61.8823529412	129.5	83.5454545455	29.4285714286	52.0
alpha_rarefaction_1048_7.txt	1048	7	144.4	67.9090909091	99.6	140.0	41.2	35.75
alpha_rarefaction_1048_8.txt	1048	8	147.0	77.5	95.3	62.25	30.0	33.0
alpha_rarefaction_1048_9.txt	1048	9	118.5	92.5	94.2307692308	88.4615384615	29.1666666667	52.125
alpha_rarefaction_1394_0.txt	1394	0	154.555555556	78.6153846154	78.75	105.0	45.2	51.0
alpha_rarefaction_1394_1.txt	1394	1	140.0	105.909090909	107.0	69.8333333333	36.1428571429	77.5
alpha_rarefaction_1394_2.txt	1394	2	141.785714286	77.7692307692	125.5	87.25	30.0	55.375
alpha_rarefaction_1394_3.txt	1394	3	153.4	69.9090909091	119.545454545	101.0625	37.0	59.4285714286
alpha_rarefaction_1394_4.txt	1394	4	148.964285714	75.0588235294	108.5	126.0	30.625	60.4285714286
alpha_rarefaction_1394_5.txt	1394	5	150.6	60.6	95.7142857143	91.1	39.6	62.5
alpha_rarefaction_1394_6.txt	1394	6	135.107142857	65.2	131.0	78.0	40.6	38.5
alpha_rarefaction_1394_7.txt	1394	7	153.416666667	71.1764705882	124.272727273	90.1111111111	36.0	52.0
alpha_rarefaction_1394_8.txt	1394	8	168.130434783	77.3	100.076923077	116.125	29.5	55.6666666667
alpha_rarefaction_1394_9.txt	1394	9	148.416666667	90.4	106.0	89.1666666667	36.0	58.375
alpha_rarefaction_1740_0.txt	1740	0	146.2	93.0	114.333333333	88.5454545455	38.0	65.2
alpha_rarefaction_1740_1.txt	1740	1	153.0	83.1111111111	111.071428571	115.0	50.4285714286	41.2727272727
alpha_rarefaction_1740_2.txt	1740	2	151.875	77.4	92.8333333333	91.0666666667	44.125	43.1
alpha_rarefaction_1740_3.txt	1740	3	173.476190476	75.5	118.230769231	102.769230769	42.0	48.125
alpha_rarefaction_1740_4.txt	1740	4	143.107142857	74.8333333333	120.25	101.769230769	46.2	51.0
alpha_rarefaction_1740_5.txt	1740	5	156.047619048	77.4615384615	114.909090909	117.6	50.1111111111	63.5
alpha_rarefaction_1740_6.txt	1740	6	147.857142857	74.0	89.2142857143	96.0	33.875	57.5454545455
alpha_rarefaction_1740_7.txt	1740	7	174.0	102.0	118.909090909	97.8333333333	44.0	49.0
alpha_rarefaction_1740_8.txt	1740	8	147.038461538	84.5454545455	102.3	108.0	61.5	69.1428571429
alpha_rarefaction_1740_9.txt	1740	9	160.652173913	79.9285714286	91.25	96.4736842105	95.3333333333	61.6
alpha_rarefaction_2086_0.txt	2086	0	152.303030303	77.75	126.6	127.214285714	32.5	68.5
alpha_rarefaction_2086_1.txt	2086	1	148.59375	98.0	100.333333333	96.375	46.2	75.3333333333
alpha_rarefaction_2086_2.txt	2086	2	134.615384615	84.3	84.2727272727	92.3	65.0	47.6666666667
alpha_rarefaction_2086_3.txt	2086	3	175.0	80.1111111111	108.111111111	111.0625	41.1	61.0
alpha_rarefaction_2086_4.txt	2086	4	152.24137931	87.0	112.25	97.0	74.0	67.0
alpha_rarefaction_2086_5.txt	2086	5	142.277777778	82.6875	99.0909090909	98.375	43.0	44.6666666667
alpha_rarefaction_2086_6.txt	2086	6	146.894736842	81.3636363636	100.5	116.5	58.5	58.4285714286
alpha_rarefaction_2086_7.txt	2086	7	159.857142857	74.5	108.3	114.1875	43.1111111111	49.1111111111
alpha_rarefaction_2086_8.txt	2086	8	141.111111111	89.125	111.272727273	92.0	27.0	53.3333333333
alpha_rarefaction_2086_9.txt	2086	9	157.2	84.4615384615	104.647058824	99.5882352941	73.5	62.1538461538
alpha_rarefaction_2432_0.txt	2432	0	147.103448276	79.0	109.083333333	132.4	47.0	57.0
alpha_rarefaction_2432_1.txt	2432	1	163.913043478	75.9285714286	126.8	105.789473684	35.2	91.8571428571
alpha_rarefaction_2432_2.txt	2432	2	161.12	88.6	125.111111111	124.0	48.0	65.0
alpha_rarefaction_2432_3.txt	2432	3	159.333333333	84.9285714286	114.428571429	93.2608695652	40.3333333333	65.2
alpha_rarefaction_2432_4.txt	2432	4	157.333333333	86.2307692308	117.0	105.0	39.6	62.1
alpha_rarefaction_2432_5.txt	2432	5	150.44	83.5625	125.8	104.0	49.5	49.875
alpha_rarefaction_2432_6.txt	2432	6	160.107142857	105.0	104.071428571	90.4761904762	29.1538461538	71.3333333333
alpha_rarefaction_2432_7.txt	2432	7	153.035714286	84.7692307692	128.0	97.2	52.0	64.0
alpha_rarefaction_2432_8.txt	2432	8	151.884615385	90.6153846154	130.0	113.0625	33.5	44.0
alpha_rarefaction_2432_9.txt	2432	9	144.0	82.0769230769	122.5	102.588235294	57.8571428571	56.3333333333
alpha_rarefaction_2778_0.txt	2778	0	158.076923077	80.0	129.909090909	107.833333333	60.0	66.2727272727
alpha_rarefaction_2778_1.txt	2778	1	151.5	80.5882352941	136.6	106.588235294	39.8571428571	54.3333333333
alpha_rarefaction_2778_2.txt	2778	2	160.12	81.125	96.75	96.4736842105	52.2	57.0769230769
alpha_rarefaction_2778_3.txt	2778	3	148.096774194	86.0	114.230769231	110.789473684	45.1	65.8333333333
alpha_rarefaction_2778_4.txt	2778	4	147.666666667	85.0	179.666666667	106.75	51.0	68.0
alpha_rarefaction_2778_5.txt	2778	5	148.4	96.375	116.666666667	99.3684210526	44.1	54.5
alpha_rarefaction_2778_6.txt	2778	6	153.454545455	97.2727272727	129.214285714	130.571428571	48.6	117.0
alpha_rarefaction_2778_7.txt	2778	7	170.272727273	85.3636363636	110.083333333	97.625	43.4285714286	55.0
alpha_rarefaction_2778_8.txt	2778	8	154.206896552	84.0	136.75	94.2857142857	45.0	46.8
alpha_rarefaction_2778_9.txt	2778	9	149.12	78.0	137.545454545	111.0	51.0	57.3333333333
alpha_rarefaction_3124_0.txt	3124	0	168.956521739	86.75	112.769230769	102.538461538	81.3333333333	70.75
alpha_rarefaction_3124_1.txt	3124	1	155.5	80.2142857143	113.0	90.75	38.4285714286	78.6666666667
alpha_rarefaction_3124_2.txt	3124	2	159.59375	79.4615384615	120.473684211	100.5	47.1428571429	77.3
alpha_rarefaction_3124_3.txt	3124	3	149.24	88.0	111.0	102.894736842	49.0	69.75
alpha_rarefaction_3124_4.txt	3124	4	157.5	82.5833333333	149.090909091	110.105263158	45.75	67.5454545455
alpha_rarefaction_3124_5.txt	3124	5	148.2	83.8	141.153846154	98.7727272727	61.0	57.0
alpha_rarefaction_3124_6.txt	3124	6	159.913043478	100.857142857	132.875	102.894736842	42.25	48.25
alpha_rarefaction_3124_7.txt	3124	7	159.0	93.1111111111	113.428571429	98.5416666667	44.6666666667	60.0
alpha_rarefaction_3124_8.txt	3124	8	157.5	87.5714285714	124.5	115.176470588	57.0	58.6
alpha_rarefaction_3124_9.txt	3124	9	161.884615385	86.1	201.428571429	99.5	44.4285714286	57.3333333333
alpha_rarefaction_3470_0.txt	3470	0	163.555555556	93.1666666667	127.833333333	102.625	55.2	62.1538461538
alpha_rarefaction_3470_1.txt	3470	1	148.5625	93.0	119.0	102.625	55.2	71.0
alpha_rarefaction_3470_2.txt	3470	2	169.8	90.0	114.526315789	102.260869565	55.2	68.5
alpha_rarefaction_3470_3.txt	3470	3	156.6	91.0	130.909090909	104.434782609	55.2	57.5
alpha_rarefaction_3470_4.txt	3470	4	152.363636364	85.6	125.0	102.625	55.2	50.5833333333
alpha_rarefaction_3470_5.txt	3470	5	159.535714286	87.0	167.333333333	102.04	55.2	69.1
alpha_rarefaction_3470_6.txt	3470	6	161.4	85.2727272727	128.25	104.434782609	55.2	81.6
alpha_rarefaction_3470_7.txt	3470	7	156.0	88.6666666667	154.0	102.625	55.2	55.0
alpha_rarefaction_3470_8.txt	3470	8	148.428571429	89.1428571429	125.2	104.434782609	55.2	75.875
alpha_rarefaction_3470_9.txt	3470	9	152.555555556	81.5	144.272727273	102.625	55.2	76.0714285714