	sequences per sample	iteration	D1af	D3af	D5bf	D1bf	C12	C11
alpha_rarefaction_10_0.txt	10	0	0.78	0.18	0.68	0.68	0.18	0.18
alpha_rarefaction_10_1.txt	10	1	0.58	0.18	0.8	0.74	0.18	0.0
alpha_rarefaction_10_2.txt	10	2	0.72	0.48	0.48	0.64	0.0	0.0
alpha_rarefaction_10_3.txt	10	3	0.58	0.34	0.58	0.68	0.18	0.34
alpha_rarefaction_10_4.txt	10	4	0.76	0.34	0.68	0.62	0.34	0.0
alpha_rarefaction_10_5.txt	10	5	0.58	0.34	0.68	0.7	0.0	0.0
alpha_rarefaction_10_6.txt	10	6	0.64	0.18	0.84	0.62	0.18	0.0
alpha_rarefaction_10_7.txt	10	7	0.72	0.34	0.6	0.72	0.18	0.0
alpha_rarefaction_10_8.txt	10	8	0.7	0.34	0.7	0.66	0.18	0.18
alpha_rarefaction_10_9.txt	10	9	0.6	0.7	0.8	0.8	0.34	0.18
alpha_rarefaction_356_0.txt	356	0	0.798115768211	0.42969637672	0.739048099987	0.74654399697	0.108461684131	0.155078272945
alpha_rarefaction_356_1.txt	356	1	0.789530993561	0.414673021083	0.718880191895	0.73732798889	0.0872995833859	0.179680595884
alpha_rarefaction_356_2.txt	356	2	0.781924630728	0.352717459917	0.751025754324	0.736318015402	0.0822812776165	0.150091528847
alpha_rarefaction_356_3.txt	356	3	0.771966923368	0.352922610781	0.757937760384	0.747790682995	0.108477464967	0.145231031435
alpha_rarefaction_356_4.txt	356	4	0.752509152885	0.386267516728	0.739458401717	0.732199217271	0.108903547532	0.194025375584
alpha_rarefaction_356_5.txt	356	5	0.729847872743	0.356773134705	0.7704361823	0.720552960485	0.097841181669	0.17560914026
alpha_rarefaction_356_6.txt	356	6	0.768479358667	0.420038505239	0.729295543492	0.71458780457	0.0977938391617	0.113180154021
alpha_rarefaction_356_7.txt	356	7	0.762924504482	0.417592475698	0.744192652443	0.742914404747	0.103396035854	0.179554349198
alpha_rarefaction_356_8.txt	356	8	0.762356394395	0.434051887388	0.700400833228	0.732609519	0.108445903295	0.134673652317
alpha_rarefaction_356_9.txt	356	9	0.782966165888	0.425009468501	0.77337141775	0.756028279258	0.113969195809	0.180469637672
alpha_rarefaction_702_0.txt	702	0	0.770675562698	0.396267075754	0.756893207036	0.758155372115	0.110108684183	0.148984180323
alpha_rarefaction_702_1.txt	702	1	0.784190063392	0.420499833605	0.749113237717	0.749498786536	0.0965211321337	0.143809709337
alpha_rarefaction_702_2.txt	702	2	0.776446619751	0.411835131208	0.730935625523	0.731434809782	0.0941550799101	0.178578095957
alpha_rarefaction_702_3.txt	702	3	0.761430507869	0.403677729889	0.743009391158	0.739563802242	0.0940617365119	0.148273958815
alpha_rarefaction_702_4.txt	702	4	0.754786892964	0.443226921859	0.760034415305	0.742798353909	0.0992159154552	0.133809790505
alpha_rarefaction_702_5.txt	702	5	0.764823337473	0.423020105356	0.736081687649	0.743045916835	0.112426035503	0.148716325355
alpha_rarefaction_702_6.txt	702	6	0.771787566659	0.42453389177	0.763220266069	0.735919351304	0.0859083936007	0.169986444915
alpha_rarefaction_702_7.txt	702	7	0.761118010406	0.438665270574	0.74159300655	0.745602714264	0.0806568128505	0.167608217466
alpha_rarefaction_702_8.txt	702	8	0.775164162629	0.404757266581	0.727855293382	0.745732583339	0.134093879108	0.144154674069
alpha_rarefaction_702_9.txt	702	9	0.765959691886	0.389083692502	0.729669402034	0.734429915342	0.0860585547195	0.141622227092
alpha_rarefaction_1048_0.txt	1048	0	0.771427582891	0.422362114679	0.734151928792	0.737675543383	0.106850198124	0.138187605617
alpha_rarefaction_1048_1.txt	1048	1	0.763570013402	0.409096206515	0.740350576889	0.730402511509	0.106897543849	0.134958991318
alpha_rarefaction_1048_2.txt	1048	2	0.761566925004	0.406641512732	0.746409008799	0.746512805198	0.0998521356564	0.168286740283
alpha_rarefaction_1048_3.txt	1048	3	0.769111284307	0.386634301614	0.772387244333	0.747687343395	0.106992235301	0.157439106113
alpha_rarefaction_1048_4.txt	1048	4	0.783675557951	0.404551016841	0.751968489599	0.741811010431	0.0910458306625	0.152482372822
alpha_rarefaction_1048_5.txt	1048	5	0.760030009906	0.425328506497	0.746236014801	0.752299909679	0.0891337917371	0.156078826991
alpha_rarefaction_1048_6.txt	1048	6	0.765196156984	0.438086358604	0.731165506089	0.743094807995	0.119498790863	0.191841238856
alpha_rarefaction_1048_7.txt	1048	7	0.781727099237	0.389098100344	0.7449412913	0.747188392285	0.105267758289	0.142102732941
alpha_rarefaction_1048_8.txt	1048	8	0.773124745061	0.388036463493	0.730784919294	0.751992162461	0.110579584523	0.131482722452
alpha_rarefaction_1048_9.txt	1048	9	0.777316662782	0.41167472758	0.762196987355	0.745094254414	0.0997701911311	0.144451809335
alpha_rarefaction_1394_0.txt	1394	0	0.766770479756	0.394467784664	0.737959774315	0.744172092324	0.11477350152	0.154145970947
alpha_rarefaction_1394_1.txt	1394	1	0.753659359954	0.410732407181	0.742468748006	0.739620920979	0.102766725194	0.172387707926
alpha_rarefaction_1394_2.txt	1394	2	0.77703171411	0.416760496409	0.74028579133	0.752629119675	0.100016673219	0.161559378274
alpha_rarefaction_1394_3.txt	1394	3	0.764549442271	0.413845770663	0.738436299039	0.749583684123	0.0853164515272	0.148862001322
alpha_rarefaction_1394_4.txt	1394	4	0.763695197084	0.383508745206	0.73753162251	0.748526684355	0.10686607288	0.145180513329
alpha_rarefaction_1394_5.txt	1394	5	0.769443340901	0.398079286304	0.758433870101	0.736394344279	0.102702914108	0.160362405801
alpha_rarefaction_1394_6.txt	1394	6	0.765930643525	0.405410356745	0.745944393784	0.745637688886	0.0893715431373	0.190291863675
alpha_rarefaction_1394_7.txt	1394	7	0.774376349553	0.388562171553	0.743237568674	0.730930262716	0.0974776095132	0.129261705732
alpha_rarefaction_1394_8.txt	1394	8	0.777329156109	0.394751846919	0.734118758607	0.736891453225	0.0946946227839	0.179408985836
alpha_rarefaction_1394_9.txt	1394	9	0.753592461235	0.402012931008	0.728896541645	0.743970366955	0.121256502041	0.161003604297
alpha_rarefaction_1740_0.txt	1740	0	0.772006209539	0.3907616594	0.744836834456	0.734093671555	0.105698242833	0.172846479059
alpha_rarefaction_1740_1.txt	1740	1	0.77380036993	0.405747126437	0.755695600476	0.750965781477	0.0980532434932	0.141435460431
alpha_rarefaction_1740_2.txt	1740	2	0.770073325406	0.403952966046	0.741666666667	0.740286695733	0.117421059585	0.156399128022
alpha_rarefaction_1740_3.txt	1740	3	0.765759677632	0.412419077817	0.763669573259	0.742849782006	0.101266349584	0.157218258687
alpha_rarefaction_1740_4.txt	1740	4	0.767996432818	0.392301492932	0.743256704981	0.747203065134	0.108828114678	0.144108865108
alpha_rarefaction_1740_5.txt	1740	5	0.765214030916	0.410949927335	0.759366494913	0.749037521469	0.112119830889	0.129087065663
alpha_rarefaction_1740_6.txt	1740	6	0.7688882283	0.40120821773	0.727402563086	0.740737217598	0.101288809618	0.155520544326
alpha_rarefaction_1740_7.txt	1740	7	0.767524111507	0.413337957458	0.754133967499	0.75002642357	0.102373497159	0.157292244682
alpha_rarefaction_1740_8.txt	1740	8	0.773435724666	0.414234377064	0.748435064077	0.740230545647	0.100279429251	0.179110846875
alpha_rarefaction_1740_9.txt	1740	9	0.772266481702	0.392142290924	0.735004624125	0.745414189457	0.103512353019	0.1255344167
alpha_rarefaction_2086_0.txt	2086	0	0.784022414876	0.406068305436	0.747480578646	0.742712453659	0.1127762217	0.139558431363
alpha_rarefaction_2086_1.txt	2086	1	0.771839198271	0.401138393288	0.757092666354	0.744843723715	0.0976008618843	0.145125840075
alpha_rarefaction_2086_2.txt	2086	2	0.773339866103	0.407414540069	0.735857182385	0.743380285315	0.0904813076079	0.141759104435
alpha_rarefaction_2086_3.txt	2086	3	0.769463408984	0.408613695467	0.749225765708	0.739226216138	0.102996831362	0.156524480879
alpha_rarefaction_2086_4.txt	2086	4	0.767538049858	0.397352022202	0.729663767674	0.741846984278	0.103045091736	0.167059490793
alpha_rarefaction_2086_5.txt	2086	5	0.774423656224	0.386037951958	0.741576726182	0.743916205282	0.10767532994	0.164307270586
alpha_rarefaction_2086_6.txt	2086	6	0.772409130311	0.407088667637	0.747915841261	0.739409605561	0.105786281	0.148744448908
alpha_rarefaction_2086_7.txt	2086	7	0.769757107834	0.40898185318	0.74886726007	0.745510176504	0.103042793623	0.14805363612
alpha_rarefaction_2086_8.txt	2086	8	0.7692726656	0.400994991033	0.745629678384	0.740780200193	0.0956516023823	0.155032545877
alpha_rarefaction_2086_9.txt	2086	9	0.766392670306	0.415430358441	0.734778907734	0.750611987509	0.101234178641	0.149250493405
alpha_rarefaction_2432_0.txt	2432	0	0.768463388374	0.407410175186	0.75405706263	0.740960372122	0.108852566114	0.133038718945
alpha_rarefaction_2432_1.txt	2432	1	0.766670544062	0.411750603251	0.754447958146	0.736937462128	0.101120544603	0.15489742036
alpha_rarefaction_2432_2.txt	2432	2	0.771808317824	0.408890235457	0.750069657851	0.742375170425	0.104876658263	0.165906066049
alpha_rarefaction_2432_3.txt	2432	3	0.777149316677	0.416421398892	0.736818435119	0.742361982774	0.101179719962	0.145960588534
alpha_rarefaction_2432_4.txt	2432	4	0.7680298866	0.410713512812	0.753616121667	0.743320623593	0.106526467278	0.168144247208
alpha_rarefaction_2432_5.txt	2432	5	0.768722407375	0.409317312478	0.740474457886	0.743974933994	0.0988042519694	0.165971666162
alpha_rarefaction_2432_6.txt	2432	6	0.780937215958	0.408725220741	0.733594561548	0.741740134284	0.101134070399	0.169004826004
alpha_rarefaction_2432_7.txt	2432	7	0.76829228705	0.40979815454	0.732546312327	0.742893208427	0.0988749242555	0.170299921009
alpha_rarefaction_2432_8.txt	2432	8	0.774017080376	0.414563968901	0.747642791833	0.742398502424	0.0935258099247	0.145195704748
alpha_rarefaction_2432_9.txt	2432	9	0.776354676138	0.402073572217	0.747650231021	0.745251431029	0.103603204532	0.154026020927
alpha_rarefaction_2778_0.txt	2778	0	0.776301610774	0.415453934312	0.742746800558	0.744403082743	0.102488906719	0.15775550051
alpha_rarefaction_2778_1.txt	2778	1	0.770045523788	0.399677917775	0.743231945332	0.740107530059	0.0963795034626	0.138783540945
alpha_rarefaction_2778_2.txt	2778	2	0.77449683075	0.403515019014	0.73822241089	0.742784119387	0.0997778493055	0.163452064224
alpha_rarefaction_2778_3.txt	2778	3	0.769180711763	0.413640342898	0.748101534167	0.739142941999	0.0991112935587	0.155425665299
alpha_rarefaction_2778_4.txt	2778	4	0.77571047016	0.398863382506	0.748339960017	0.746899297732	0.105195558437	0.154908125708
alpha_rarefaction_2778_5.txt	2778	5	0.777360791698	0.391871803603	0.755497918698	0.740672236502	0.0963820950479	0.16032764895
alpha_rarefaction_2778_6.txt	2778	6	0.772134859881	0.408042000268	0.751671442958	0.744496898132	0.0970906344771	0.152118024942
alpha_rarefaction_2778_7.txt	2778	7	0.763463156209	0.395729378367	0.750276651734	0.741090777533	0.103169457027	0.149339327152
alpha_rarefaction_2778_8.txt	2778	8	0.772323008976	0.400758868016	0.748817330035	0.742364800881	0.098472986092	0.154019730257
alpha_rarefaction_2778_9.txt	2778	9	0.779613656825	0.413734158287	0.747056088645	0.743384589708	0.0997791450982	0.150105140617
alpha_rarefaction_3124_0.txt	3124	0	0.771977429705	0.416320264738	0.749372910727	0.744950906697	0.0987237298778	0.153537070403
alpha_rarefaction_3124_1.txt	3124	1	0.774685594653	0.407110249672	0.736012015522	0.745500941863	0.102253053884	0.148903577442
alpha_rarefaction_3124_2.txt	3124	2	0.780538837729	0.400329898141	0.748104591933	0.744301889793	0.101757325468	0.167076665557
alpha_rarefaction_3124_3.txt	3124	3	0.771237013514	0.406147073337	0.740202242438	0.745299699489	0.103496166148	0.142933523619
alpha_rarefaction_3124_4.txt	3124	4	0.768530078153	0.399021002982	0.730595685626	0.741003523176	0.105871727865	0.152141079512
alpha_rarefaction_3124_5.txt	3124	5	0.763679153257	0.397018620863	0.748832917187	0.742342338281	0.0998776970987	0.158836384621
alpha_rarefaction_3124_6.txt	3124	6	0.77625782632	0.404571562772	0.742278809629	0.742992379841	0.0974201629284	0.146574740024
alpha_rarefaction_3124_7.txt	3124	7	0.77567459231	0.409583153677	0.747781620464	0.744702120299	0.101087610519	0.16178841762
alpha_rarefaction_3124_8.txt	3124	8	0.776348405882	0.396474528699	0.739551995947	0.744973449122	0.101099291594	0.153788930768
alpha_rarefaction_3124_9.txt	3124	9	0.775965184659	0.408161751325	0.750370515492	0.742723305261	0.101074699858	0.14013682842
alpha_rarefaction_3470_0.txt	3470	0	0.777290734081	0.405104934017	0.742518748599	0.743589598784	0.101601209212	0.145699241751
alpha_rarefaction_3470_1.txt	3470	1	0.772586102368	0.400060294496	0.729670871779	0.744335390212	0.101601209212	0.165693428232
alpha_rarefaction_3470_2.txt	3470	2	0.766615618434	0.403998206114	0.74387412901	0.743782773713	0.101601209212	0.141878597115
alpha_rarefaction_3470_3.txt	3470	3	0.769744288218	0.401265353919	0.744670747203	0.743533456801	0.101601209212	0.156714863507
alpha_rarefaction_3470_4.txt	3470	4	0.774690596218	0.409078557251	0.749123902698	0.744176930296	0.101601209212	0.157034939249
alpha_rarefaction_3470_5.txt	3470	5	0.76742851448	0.401562341685	0.750274979445	0.743967809715	0.101601209212	0.152699549037
alpha_rarefaction_3470_6.txt	3470	6	0.770096919665	0.406879386092	0.754453570746	0.74348993846	0.101601209212	0.16720427875
alpha_rarefaction_3470_7.txt	3470	7	0.769576526672	0.407377023312	0.745235655142	0.743646072968	0.101601209212	0.153339202219
alpha_rarefaction_3470_8.txt	3470	8	0.773957760633	0.405692099428	0.736682972203	0.743561361692	0.101601209212	0.148508167994
alpha_rarefaction_3470_9.txt	3470	9	0.77385261899	0.408698519214	0.7424576236	0.74316122549	0.101056399439	0.162467257431