	sequences per sample	iteration	TL3	T2	TL2	TL1	TS8	MT209	T9	T1	MN13	MN12	MN15	SM2	MT213	TS4	SM4	MT210	SM5	TS6
alpha_rarefaction_10_0.txt	10	0	1.6405	1.68326	1.5922	2.14361	1.19293	0.97777	1.50588	1.29453	1.83051	1.3883	1.23909	1.37204	1.04945	1.52378	0.58974	0.5899	0.5899	0.5824
alpha_rarefaction_10_1.txt	10	1	1.69431	1.16917	1.84051	1.73258	0.45438	1.1567	1.61739	1.08954	0.95774	0.7124	1.35039	0.5899	1.57859	1.50599	1.20913	0.5899	0.5824	0.67504
alpha_rarefaction_10_2.txt	10	2	1.35345	1.68656	1.92576	1.27922	1.12131	1.12821	1.00976	1.91418	1.3064	1.3679	1.44083	0.58683	1.00346	0.78595	1.39763	1.00055	0.58683	0.84597
alpha_rarefaction_10_3.txt	10	3	1.56579	1.73538	1.658	2.21454	0.66784	1.21433	1.19213	1.30276	1.5374	1.30302	1.30764	0.58683	0.95988	1.23791	0.97078	1.00362	0.5899	0.81301
alpha_rarefaction_10_4.txt	10	4	1.72174	1.96284	1.55877	1.60107	0.78869	0.97777	1.34251	1.42547	1.61608	0.97208	1.26111	0.58683	1.10537	1.04811	0.5899	0.5899	0.58683	0.6741
alpha_rarefaction_10_5.txt	10	5	1.22556	1.60819	1.79943	1.64125	0.64674	1.42742	1.91228	0.92503	1.31803	0.90272	1.15933	0.5899	1.55981	0.60688	0.71954	0.58974	0.5899	0.67119
alpha_rarefaction_10_6.txt	10	6	1.50422	1.26164	1.77906	1.42059	1.44175	1.08542	1.58805	1.65236	1.49711	1.23435	1.25939	0.96004	0.95697	1.18023	0.71328	0.5899	0.58683	0.6741
alpha_rarefaction_10_7.txt	10	7	1.9569	1.44917	1.67003	2.41964	0.70498	1.18848	1.77618	1.29679	1.15816	1.13976	0.90491	0.5899	1.00346	0.63919	0.73033	0.95988	0.5899	0.79406
alpha_rarefaction_10_8.txt	10	8	1.89374	1.26648	1.66294	1.85851	0.79728	1.09485	1.33134	1.18465	1.50531	1.3702	1.03433	0.60688	1.20897	1.17282	0.92684	0.97793	0.58974	0.68387
alpha_rarefaction_10_9.txt	10	9	1.82873	1.58009	1.95731	1.31577	0.70586	1.17059	1.57716	1.25468	0.98185	1.57239	1.30927	0.5899	1.10828	0.83167	0.67132	0.9703	0.5899	0.6752
alpha_rarefaction_1289_0.txt	1289	0	7.68134	7.54717	7.71542	6.84192	4.85361	5.13108	6.4096	7.31769	6.20102	6.26776	5.46562	3.54946	4.97195	5.87715	6.29453	3.44512	1.62477	3.53073
alpha_rarefaction_1289_1.txt	1289	1	7.61688	8.49522	7.4689	7.76793	4.9505	5.09318	6.6529	7.57593	4.90845	6.00448	5.5206	3.04001	4.74507	5.98516	6.15998	2.92921	2.31517	3.87631
alpha_rarefaction_1289_2.txt	1289	2	7.36443	8.27876	6.40204	6.89959	4.70026	5.26228	6.88875	7.24803	5.84956	5.80248	5.79218	2.92294	4.67367	5.61851	5.97292	3.34853	2.48557	2.96421
alpha_rarefaction_1289_3.txt	1289	3	8.11684	8.0065	7.48088	7.16255	3.69344	4.87064	7.71665	6.75816	5.54036	6.09656	4.79755	2.63574	4.48439	6.29079	6.25334	2.80684	2.27241	3.96655
alpha_rarefaction_1289_4.txt	1289	4	7.55724	7.75008	7.08316	7.17484	4.1862	4.7298	6.52252	7.10289	5.84454	6.27898	5.39241	2.5369	4.5003	5.18709	5.27074	3.16205	1.93668	3.31101
alpha_rarefaction_1289_5.txt	1289	5	8.00112	7.57997	7.52727	7.07224	4.73333	5.06615	6.30721	6.49402	5.24591	5.87374	5.23594	2.87018	5.3763	6.32604	5.89504	3.22615	2.19327	3.74947
alpha_rarefaction_1289_6.txt	1289	6	7.74726	7.92069	7.20229	6.57593	5.11031	4.76692	6.55014	7.3064	5.44081	5.81659	5.20541	2.43048	4.99629	5.3553	5.68746	2.89484	3.2967	3.81409
alpha_rarefaction_1289_7.txt	1289	7	7.62115	8.31332	7.04882	6.54073	4.32743	5.47074	7.41052	7.62786	5.50221	5.69084	5.48451	3.09012	4.73416	5.35531	6.31332	2.74817	2.91063	3.62743
alpha_rarefaction_1289_8.txt	1289	8	8.22478	7.6281	6.97642	7.12649	4.28631	5.11116	6.72145	6.54965	5.45164	6.28266	5.63015	2.98051	5.6039	5.39175	6.06068	3.27832	1.49019	3.12285
alpha_rarefaction_1289_9.txt	1289	9	7.46024	7.27899	7.73938	7.01361	4.28447	5.05555	7.36334	6.37105	6.18333	6.3183	5.71923	4.13598	4.57297	5.56	6.06022	2.54892	2.18578	3.57899
alpha_rarefaction_2568_0.txt	2568	0	8.60165	8.45268	8.09944	8.1294	5.69004	5.59912	8.05722	8.68834	6.39352	6.69916	6.32722	3.72523	5.74558	6.61235	6.41057	4.09444	2.56297	4.24232
alpha_rarefaction_2568_1.txt	2568	1	8.85005	9.06272	8.11651	7.4309	5.38415	5.26764	7.76524	8.51484	7.41666	7.32234	6.07071	3.45943	5.39739	6.94309	7.4655	3.79679	3.35241	4.73848
alpha_rarefaction_2568_2.txt	2568	2	8.02743	9.4077	8.91464	7.19443	5.34935	4.69382	7.69651	7.9217	6.82566	7.1741	6.57789	3.60627	5.41108	6.33514	6.64527	3.97909	2.66549	4.51971
alpha_rarefaction_2568_3.txt	2568	3	9.01782	8.82777	8.09632	7.69387	6.53249	5.52103	8.09837	8.70725	6.76636	6.89589	6.66816	3.55427	5.61758	6.7353	7.10899	3.29264	2.42344	5.17841
alpha_rarefaction_2568_4.txt	2568	4	8.18707	8.89065	7.9475	7.44421	5.34187	5.20057	7.61364	8.67076	6.89399	7.45507	6.98448	4.69836	5.61671	6.91674	7.42585	4.01596	2.48226	4.56096
alpha_rarefaction_2568_5.txt	2568	5	8.50885	8.87203	8.27992	7.44882	5.57718	5.86326	7.944	7.82822	5.85653	7.08742	6.26006	3.47458	5.73134	6.03598	6.69643	4.08481	3.15475	4.5645
alpha_rarefaction_2568_6.txt	2568	6	9.19047	8.93013	8.2769	7.23649	5.82739	5.38883	8.45055	8.00074	6.68815	6.89921	6.26583	4.54348	5.70869	6.59966	7.51338	3.09908	2.74338	4.90699
alpha_rarefaction_2568_7.txt	2568	7	9.24901	9.23869	8.40823	7.76612	5.00525	5.49836	8.40528	8.51829	5.97625	6.64832	5.80943	3.76344	5.57093	6.86701	6.89507	3.43598	2.66857	5.02045
alpha_rarefaction_2568_8.txt	2568	8	8.93432	8.55729	7.54619	7.53011	5.18603	5.48897	7.70842	8.10668	6.6291	7.56829	6.39631	3.98785	5.36964	6.77748	7.32201	3.46689	3.50618	4.14074
alpha_rarefaction_2568_9.txt	2568	9	8.18098	8.84552	8.87717	7.59161	5.80512	5.30049	8.63901	8.25708	6.1228	6.41393	6.55405	4.02384	5.54745	7.00677	6.77032	3.36773	2.75237	4.80793
alpha_rarefaction_3847_0.txt	3847	0	8.66556	9.17949	9.23259	8.28123	6.0072	5.97234	8.0588	8.70398	7.52023	8.13822	6.98744	4.31009	5.80567	7.25381	7.48855	4.67591	2.9314	5.54512
alpha_rarefaction_3847_1.txt	3847	1	8.57518	8.99837	8.99181	7.85652	6.42638	5.42955	8.28135	8.83158	6.08235	7.38732	6.01871	3.83505	5.81349	7.27328	7.24633	4.8376	3.07458	6.23648
alpha_rarefaction_3847_2.txt	3847	2	8.93663	9.51556	8.7526	8.34598	6.76466	5.8072	9.00695	9.47935	7.0017	6.80704	6.51906	3.9134	6.11514	6.8426	7.50493	3.47143	2.77611	4.9591
alpha_rarefaction_3847_3.txt	3847	3	8.81892	9.48834	8.38156	7.84385	5.95387	5.91114	8.38021	9.07062	6.60298	8.44352	7.06482	5.15932	5.85568	7.19947	7.55838	2.96929	3.75413	4.88853
alpha_rarefaction_3847_4.txt	3847	4	9.03749	9.30273	8.42105	7.79818	6.24358	5.9134	8.18484	9.04514	6.60018	7.38925	6.35453	4.74949	5.93539	6.99326	7.91072	3.88665	3.63578	6.55174
alpha_rarefaction_3847_5.txt	3847	5	9.5094	9.17168	7.79656	8.0405	5.99091	5.9181	8.73251	8.54316	6.40823	7.42942	6.50146	4.6781	5.53925	6.72649	7.89341	3.97509	2.56061	5.13271
alpha_rarefaction_3847_6.txt	3847	6	9.70594	9.13328	9.05995	7.84675	6.46022	6.11641	8.75671	9.06227	7.63299	6.97634	6.67016	4.03216	6.01557	6.97715	7.98151	4.04087	3.27104	5.59126
alpha_rarefaction_3847_7.txt	3847	7	9.07279	9.10614	8.83776	8.3943	7.00317	5.39118	9.43532	8.38852	6.05583	7.10868	7.35586	3.50966	5.40155	6.54375	7.41136	4.42129	3.38649	4.78422
alpha_rarefaction_3847_8.txt	3847	8	8.50786	9.53861	8.68781	7.89583	5.92778	6.37419	8.48704	8.90926	6.97744	8.57215	6.31022	4.37592	5.48943	6.89368	7.40417	3.72952	3.50138	6.01972
alpha_rarefaction_3847_9.txt	3847	9	8.90193	9.28944	8.514	7.71357	5.75241	5.82002	7.8661	8.90758	7.06073	7.41945	6.7255	3.88673	6.33159	6.73957	8.10392	3.99146	3.11134	5.77798
alpha_rarefaction_5126_0.txt	5126	0	9.29753	8.93238	8.66886	7.75986	6.96129	5.88974	9.75693	8.92719	7.16076	8.71742	7.23688	5.06002	6.01383	7.9704	7.77441	4.78057	2.88225	5.90409
alpha_rarefaction_5126_1.txt	5126	1	9.4061	9.41006	9.22682	7.81164	7.33915	6.29972	9.32006	9.18661	6.84128	8.10366	7.11108	5.44642	6.45989	7.7673	7.19421	4.40503	3.94796	6.16177
alpha_rarefaction_5126_2.txt	5126	2	9.30055	10.0674	9.84367	8.50706	6.27171	6.15947	9.3957	9.0846	7.28539	8.51023	6.66647	4.62593	5.70331	7.26307	8.03917	3.5501	3.33953	5.41845
alpha_rarefaction_5126_3.txt	5126	3	9.04918	9.93129	8.73616	7.91711	6.90158	6.36477	10.3226	9.83024	8.19224	8.38157	7.24764	5.08335	6.10074	7.7462	7.57462	3.84335	3.25809	5.29266
alpha_rarefaction_5126_4.txt	5126	4	9.56006	9.73996	8.73659	7.89598	7.38378	6.3995	9.45928	8.72811	6.77115	7.60955	6.98085	5.87177	5.79913	7.63502	7.72168	4.03088	3.86598	5.41492
alpha_rarefaction_5126_5.txt	5126	5	9.13304	9.69581	9.2374	7.96139	6.51428	5.96752	9.1006	9.42925	7.38752	8.01816	6.73808	5.63814	6.66301	7.45829	8.18752	4.43866	3.72019	6.06531
alpha_rarefaction_5126_6.txt	5126	6	9.27288	9.02989	9.63718	7.79239	6.0787	6.47299	9.74654	8.91811	6.68337	8.02954	6.96275	4.85459	6.36322	7.36862	7.72552	4.4318	3.30423	5.13571
alpha_rarefaction_5126_7.txt	5126	7	9.43589	9.47517	9.22736	7.55824	6.67295	5.80038	9.15114	8.99327	7.48628	8.3242	6.61282	5.43865	6.58477	7.24705	8.5983	4.31652	3.35346	5.60766
alpha_rarefaction_5126_8.txt	5126	8	8.96157	9.04111	8.39163	7.8166	6.30972	5.90708	9.63081	8.62089	7.62934	8.22311	6.36203	5.69744	6.28923	7.1548	7.7907	3.50203	3.34036	6.07754
alpha_rarefaction_5126_9.txt	5126	9	9.59161	10.01073	9.46175	7.92331	7.53868	6.10166	9.76844	9.81408	6.937	8.00427	6.59716	5.35496	5.42869	7.30652	8.20545	4.44858	2.52708	6.92852
alpha_rarefaction_6405_0.txt	6405	0	9.0886	9.5322	9.75117	8.02557	7.49048	6.22344	10.25347	9.16706	7.62764	8.42344	7.16378	5.16413	6.37679	7.66944	8.34829	4.59528	3.81723	6.32619
alpha_rarefaction_6405_1.txt	6405	1	9.37426	9.20413	8.79033	8.63321	6.73132	5.87851	8.97683	9.14035	8.53472	8.53422	6.82097	5.22826	6.47247	7.84533	8.42162	4.36206	3.25726	6.08021
alpha_rarefaction_6405_2.txt	6405	2	9.59769	9.22441	10.23088	7.88319	7.71818	6.24229	9.35341	9.04544	6.89467	9.04484	7.0731	4.7967	6.29784	7.84053	8.1343	4.9001	3.01671	5.66282
alpha_rarefaction_6405_3.txt	6405	3	9.0866	10.18192	9.69895	8.65678	7.23726	5.84322	9.26648	8.97246	8.47848	8.66063	7.92554	5.4046	6.45135	7.43138	8.29359	4.46441	3.93543	5.00544
alpha_rarefaction_6405_4.txt	6405	4	9.29184	10.04753	9.21741	8.04313	7.90012	6.44524	9.81052	9.33649	7.97749	8.71127	7.69501	5.34287	5.76618	7.47668	8.08751	4.59735	3.57562	6.7362
alpha_rarefaction_6405_5.txt	6405	5	9.0701	9.22683	9.51228	8.04188	7.64934	6.24201	9.55174	9.82873	7.43042	8.26228	7.62408	5.61115	5.81028	7.39445	8.77464	4.77432	3.62978	7.17856
alpha_rarefaction_6405_6.txt	6405	6	9.4483	9.91679	9.91024	8.78649	7.34439	6.31158	10.07067	9.91409	7.25825	8.66668	7.17911	5.95078	6.40531	7.29711	8.38311	5.21283	3.39715	6.37259
alpha_rarefaction_6405_7.txt	6405	7	9.26794	9.1576	8.95079	7.90751	6.87783	6.19533	9.20064	9.21721	7.73727	8.36911	8.04924	5.23436	6.21881	7.33255	8.51855	4.08697	3.38828	6.67948
alpha_rarefaction_6405_8.txt	6405	8	9.28866	9.77747	9.58923	8.74323	6.40475	6.05445	9.23119	8.98687	7.73556	8.38546	8.2046	6.06551	6.10629	7.51141	8.86041	4.7389	4.09799	6.82298
alpha_rarefaction_6405_9.txt	6405	9	9.86835	9.45673	9.74799	8.02437	6.95428	6.16883	8.97727	8.91396	7.80913	8.18753	8.02976	5.84679	6.08002	7.99123	8.46117	4.10323	3.69211	5.85912
alpha_rarefaction_7684_0.txt	7684	0	9.25688	9.65748	9.52861	7.94293	6.66095	6.3915	9.63358	9.0112	7.48195	8.80492	7.84736	5.82634	6.52456	7.47679	8.00643	4.55112	3.71692	6.28343
alpha_rarefaction_7684_1.txt	7684	1	9.84443	9.97604	9.70706	8.72656	6.89348	6.68074	9.36628	9.92489	7.7617	9.04216	7.36716	5.88966	6.11341	8.19198	7.74041	4.74701	3.6851	6.56196
alpha_rarefaction_7684_2.txt	7684	2	9.99244	9.81781	9.87429	8.17038	6.95171	6.48295	9.08887	9.60326	7.60273	8.3323	7.1156	5.3526	6.29555	7.65473	8.26525	4.60482	4.74118	6.27758
alpha_rarefaction_7684_3.txt	7684	3	9.31603	9.85943	10.01258	8.68835	7.6993	6.47328	9.89427	9.43534	8.58923	8.81579	8.08135	5.86239	7.01747	7.54304	8.69461	4.967	3.11196	7.16014
alpha_rarefaction_7684_4.txt	7684	4	9.72469	9.49197	9.54636	8.03957	7.44816	5.99789	9.75919	9.38014	8.41948	8.44722	7.46479	5.47056	6.00622	7.66304	8.41393	4.45073	5.00274	6.99184
alpha_rarefaction_7684_5.txt	7684	5	10.0132	9.97995	9.94076	8.14866	7.81132	6.64993	9.53033	9.15273	8.69042	8.72859	8.28449	6.1145	6.45472	7.89846	8.51399	4.69086	3.81945	6.8609
alpha_rarefaction_7684_6.txt	7684	6	9.76667	9.84941	10.10255	7.95091	7.66444	6.31241	9.66488	9.63864	7.44082	9.38753	7.42631	6.76937	6.72409	7.88192	8.18485	4.76699	4.34131	7.0205
alpha_rarefaction_7684_7.txt	7684	7	10.18773	9.8051	9.67169	7.91576	7.81394	6.53505	9.47104	9.03309	8.10618	9.51326	7.67756	5.24951	6.1458	7.3683	8.1737	4.32776	4.30289	6.11274
alpha_rarefaction_7684_8.txt	7684	8	9.9692	10.1575	9.05598	7.94875	6.97934	6.31277	10.09526	9.12325	8.16001	8.32889	8.0977	5.86209	7.04313	8.4442	8.42848	4.42872	4.7544	6.30486
alpha_rarefaction_7684_9.txt	7684	9	9.15102	9.73226	9.82269	8.69115	7.88032	6.32242	9.8047	8.94819	7.52388	8.2302	7.98871	5.68022	6.44674	7.7915	8.62128	4.25414	4.23066	6.94629
alpha_rarefaction_8963_0.txt	8963	0	9.56096	9.62806	10.13244	8.14701	7.8646	6.86696	10.71803	9.8663	8.56748	9.64616	7.38375	6.21945	6.95222	7.92845	8.79982	4.76267	4.28737	6.69174
alpha_rarefaction_8963_1.txt	8963	1	9.80642	10.06566	9.44596	8.84369	7.40207	6.54023	10.37075	9.14929	8.44069	8.32818	8.11815	6.18754	6.36687	7.95048	8.85823	5.31628	5.17147	6.47923
alpha_rarefaction_8963_2.txt	8963	2	10.062	9.69841	9.76278	8.04664	7.77037	6.44968	9.64659	9.00835	8.23347	9.447	7.68854	6.33164	6.64873	7.799	8.49771	4.93377	3.22895	6.62831
alpha_rarefaction_8963_3.txt	8963	3	9.65803	9.79274	9.76896	8.28501	7.42307	6.95952	9.99484	9.36402	8.86034	8.69423	8.365	5.94266	7.11737	7.54908	8.45467	5.18456	4.91807	6.26806
alpha_rarefaction_8963_4.txt	8963	4	10.36069	9.80414	9.72504	8.14949	7.39933	6.35798	10.02694	9.24509	8.39193	9.78713	7.94893	6.22109	6.45262	7.71548	9.26787	4.80721	3.90018	6.7476
alpha_rarefaction_8963_5.txt	8963	5	9.74548	9.87467	10.22387	8.897	7.1836	6.70157	10.55185	9.7968	8.86604	8.2497	7.61192	5.48009	7.24211	8.09376	9.02537	5.08339	4.78506	6.45739
alpha_rarefaction_8963_6.txt	8963	6	10.24108	10.22028	10.09089	8.85771	7.30737	6.61393	9.93025	9.78125	9.10279	9.62646	8.57396	5.5924	6.45617	7.96265	8.39194	4.63927	3.7532	6.88879
alpha_rarefaction_8963_7.txt	8963	7	9.76958	9.59148	9.53735	8.86703	7.56219	6.34862	9.94407	9.95205	8.15873	8.63183	7.43239	5.84235	7.04158	7.58712	8.42875	4.7615	3.53739	6.70857
alpha_rarefaction_8963_8.txt	8963	8	10.09928	9.70768	9.96603	8.68629	7.9863	6.53121	10.14246	9.15393	8.19263	9.10947	8.11953	5.48067	6.52299	7.55927	8.29713	4.85399	3.90989	6.30095
alpha_rarefaction_8963_9.txt	8963	9	9.8289	10.30184	10.13559	8.86553	8.1185	6.02786	9.97691	9.43613	7.90044	9.65226	6.78632	6.02424	6.95372	7.97072	9.01098	4.58638	4.49221	7.32232
alpha_rarefaction_10242_0.txt	10242	0	10.55517	9.91719	10.17421	8.19755	7.94223	6.41274	10.03794	9.86357	9.16129	9.19359	7.96607	5.8416	6.80983	8.13203	8.86483	5.22925	3.94404	7.52754
alpha_rarefaction_10242_1.txt	10242	1	9.87283	10.23019	10.03261	8.18977	8.14135	6.27212	10.5148	9.69879	8.12661	9.42974	7.61814	6.33164	6.3976	8.2018	8.38761	4.9559	3.97567	7.62643
alpha_rarefaction_10242_2.txt	10242	2	10.42899	9.82593	9.92878	8.76667	7.98532	6.33554	10.69623	9.45503	8.09592	9.59655	8.43843	6.40844	6.86377	8.33982	9.11833	4.72929	4.63416	7.38091
alpha_rarefaction_10242_3.txt	10242	3	10.56103	10.40681	10.28434	8.24893	7.80856	6.67682	10.97961	10.23454	7.07018	9.50491	7.40193	5.84725	6.90846	8.33121	8.71912	5.0958	3.57399	6.81563
alpha_rarefaction_10242_4.txt	10242	4	10.34012	10.11899	9.85531	8.28348	8.05544	6.9042	10.44511	9.65009	7.98425	9.39921	8.38005	5.49457	6.58559	8.08071	8.67698	4.08008	3.45354	7.60164
alpha_rarefaction_10242_5.txt	10242	5	9.86285	9.66396	10.31865	8.75777	8.0854	6.38356	10.42484	9.57075	8.90513	9.83058	8.55163	6.55584	7.03451	8.26205	8.07978	5.22437	4.35624	7.33918
alpha_rarefaction_10242_6.txt	10242	6	10.05472	9.72797	9.58493	8.79869	7.48962	6.51808	10.64328	9.44689	8.27073	9.35236	8.58162	5.9278	6.70217	8.20548	8.54794	5.16624	3.98805	7.09002
alpha_rarefaction_10242_7.txt	10242	7	9.90709	10.31682	10.10762	8.91053	7.81554	5.9635	10.75954	9.39621	8.31391	9.90743	8.09609	6.5558	6.65063	8.21778	9.00532	5.72855	4.90422	7.33514
alpha_rarefaction_10242_8.txt	10242	8	9.86822	10.06079	10.13397	9.00472	8.08401	6.75312	9.81437	9.95972	8.45557	8.85165	8.0986	6.05323	6.60653	8.41768	9.08844	5.4578	3.61652	6.77466
alpha_rarefaction_10242_9.txt	10242	9	10.47905	9.69066	10.1251	8.24677	7.80249	6.68377	10.56925	9.29292	8.98689	9.44632	7.65793	6.33575	6.5032	8.44241	8.89167	4.95481	4.80744	6.99738
alpha_rarefaction_11521_0.txt	11521	0	9.77455	10.18118	10.3711	8.93778	8.26451	6.70646	10.38117	10.05825	7.92739	9.96723	8.56127	6.91328	6.89817	8.41868	8.59002	4.86915	4.14888	7.59284
alpha_rarefaction_11521_1.txt	11521	1	10.50169	10.52987	10.73735	8.24884	7.97521	6.64489	10.83551	9.75116	9.00524	9.72304	7.51233	6.75696	6.88791	8.59597	9.29703	4.66115	4.88986	7.94217
alpha_rarefaction_11521_2.txt	11521	2	9.89245	10.26282	9.79176	8.22056	8.26218	6.62051	10.44637	9.4049	9.13039	8.64605	8.33265	6.25621	7.17784	8.55705	9.5915	4.93045	5.01947	7.82702
alpha_rarefaction_11521_3.txt	11521	3	9.63361	10.09971	9.70626	8.90161	7.94569	6.47208	10.72936	9.5674	8.59736	9.72184	8.95871	6.29918	6.56623	8.16239	8.98332	5.178	3.38942	7.85475
alpha_rarefaction_11521_4.txt	11521	4	10.1367	10.50781	10.24135	8.29751	8.25967	6.78896	10.42761	9.13236	8.44858	10.13714	8.57586	6.7226	6.24791	8.37851	8.73109	5.09162	4.3827	7.73092
alpha_rarefaction_11521_5.txt	11521	5	10.16251	10.55721	9.65899	8.17333	8.09887	6.8123	10.57943	9.90373	8.00783	9.37957	8.37887	6.85868	6.63863	8.41242	9.34875	5.02386	4.56405	7.2359
alpha_rarefaction_11521_6.txt	11521	6	9.57285	10.03521	10.50307	8.95237	8.26483	7.00064	10.98297	9.26876	7.86248	10.22949	7.97294	6.07375	6.92175	8.14317	8.99115	5.21747	3.89302	7.36857
alpha_rarefaction_11521_7.txt	11521	7	10.18643	10.23283	10.21265	8.8581	7.66262	6.34059	10.25259	10.07687	8.74399	9.87044	7.92695	5.72977	7.06771	8.36678	9.32815	5.51799	4.62181	7.77332
alpha_rarefaction_11521_8.txt	11521	8	10.38149	10.30604	9.53999	8.97577	8.26904	6.74793	11.19424	9.33287	8.72443	10.60809	8.4837	6.69068	6.75273	8.21883	9.40757	5.27649	4.20221	7.3382
alpha_rarefaction_11521_9.txt	11521	9	10.62987	9.59435	10.11985	8.23534	8.23986	6.45838	11.05539	9.121	9.21154	9.40843	8.37842	6.50451	7.13769	8.14834	9.50966	4.73842	4.22375	7.29563
alpha_rarefaction_12800_0.txt	12800	0	10.31534	10.60692	10.84844	8.79213	8.27175	6.43949	10.54139	10.01582	8.7532	9.21621	8.22363	6.50609	6.58791	8.62557	9.4976	5.04363	4.71796	7.36305
alpha_rarefaction_12800_1.txt	12800	1	10.73965	10.35888	10.46531	8.29577	8.27175	6.62176	10.70446	9.44328	8.79628	9.95181	8.48479	6.25447	6.84673	8.4834	9.27183	5.1987	4.17166	7.61029
alpha_rarefaction_12800_2.txt	12800	2	9.86251	10.37798	10.40926	8.87321	8.27175	6.46068	10.78467	10.05507	9.20801	10.28352	8.78222	6.43085	7.5314	8.52769	9.53764	5.33187	5.00006	7.70787
alpha_rarefaction_12800_3.txt	12800	3	10.39129	9.78498	10.72185	8.89422	8.27175	7.25419	11.18632	9.87656	9.25392	9.81692	8.33023	6.18641	7.25357	8.52607	9.44057	5.05022	4.39502	7.77225
alpha_rarefaction_12800_4.txt	12800	4	10.3916	10.45515	10.13555	8.95753	8.27175	6.40936	9.92041	9.48108	8.94106	9.51759	8.11845	6.53957	7.16418	8.55897	9.39615	5.56459	5.01893	7.28578
alpha_rarefaction_12800_5.txt	12800	5	10.33231	10.02221	9.86836	8.69626	8.27175	6.5434	10.76361	10.28534	9.08717	9.11134	8.16078	6.48051	6.95802	8.5005	9.23838	5.41644	4.35679	7.98571
alpha_rarefaction_12800_6.txt	12800	6	10.20147	10.18931	10.37244	8.8776	8.27175	6.6778	10.2258	10.08607	8.59674	9.38354	8.46235	5.73031	7.32332	7.64878	9.04508	5.44259	4.88136	7.73435
alpha_rarefaction_12800_7.txt	12800	7	10.52595	10.51909	10.75253	8.99203	8.27175	6.5133	9.68871	9.9407	8.52732	10.02706	8.34533	6.65295	6.55725	8.57509	9.51399	5.29793	3.85126	7.7852
alpha_rarefaction_12800_8.txt	12800	8	10.45408	10.17725	10.30067	8.2267	8.27175	6.5051	10.69542	9.26568	8.46148	10.82857	8.39369	6.33681	6.82615	7.89436	8.8707	5.21865	4.10401	7.66295
alpha_rarefaction_12800_9.txt	12800	9	10.47332	10.5516	10.33748	8.16715	8.27175	6.90322	10.96726	9.46739	9.17692	10.09197	8.30313	6.79345	6.5002	8.78857	9.387	4.9097	4.87342	7.83797