	sequences per sample	iteration	TL3	T2	TL2	TL1	TS8	MT209	T9	T1	MN13	MN12	MN15	SM2	MT213	TS4	SM4	MT210	SM5	TS6
alpha_rarefaction_10_0.txt	10	0	2.32192809489	2.92192809489	2.52192809489	3.12192809489	2.84643934467	1.72192809489	2.92192809489	3.12192809489	2.84643934467	2.17095059445	2.32192809489	2.32192809489	1.96096404744	2.64643934467	1.48547529723	1.84643934467	1.84643934467	1.0
alpha_rarefaction_10_1.txt	10	1	2.84643934467	2.92192809489	2.92192809489	2.64643934467	1.35677964945	2.32192809489	2.92192809489	3.32192809489	2.24643934467	2.12192809489	1.35677964945	1.72192809489	2.32192809489	2.84643934467	2.24643934467	1.76096404744	0.881290899231	2.24643934467
alpha_rarefaction_10_2.txt	10	2	1.77095059445	3.32192809489	2.92192809489	2.72192809489	2.92192809489	2.16096404744	2.04643934467	3.32192809489	2.72192809489	2.84643934467	2.32192809489	1.57095059445	1.76096404744	2.44643934467	2.12192809489	1.72192809489	1.36096404744	2.12192809489
alpha_rarefaction_10_3.txt	10	3	2.64643934467	3.32192809489	2.32192809489	3.12192809489	1.96096404744	2.37095059445	2.64643934467	3.12192809489	2.44643934467	2.92192809489	2.32192809489	1.48547529723	1.84643934467	2.84643934467	2.17095059445	1.96096404744	1.68547529723	2.52192809489
alpha_rarefaction_10_4.txt	10	4	2.64643934467	3.32192809489	2.64643934467	2.04643934467	1.35677964945	1.57095059445	2.52192809489	2.92192809489	2.64643934467	1.77095059445	1.96096404744	1.36096404744	2.04643934467	2.37095059445	1.84643934467	1.68547529723	1.15677964945	1.97095059445
alpha_rarefaction_10_5.txt	10	5	2.12192809489	2.44643934467	2.32192809489	1.35677964945	2.32192809489	1.77095059445	2.44643934467	2.92192809489	2.44643934467	0.921928094887	2.16096404744	1.97095059445	2.84643934467	2.04643934467	2.44643934467	1.37095059445	1.97095059445	1.89546184424
alpha_rarefaction_10_6.txt	10	6	2.44643934467	2.12192809489	2.17095059445	2.12192809489	2.16096404744	1.15677964945	2.64643934467	2.84643934467	2.92192809489	2.92192809489	2.32192809489	2.12192809489	1.57095059445	2.04643934467	1.57095059445	1.76096404744	1.36096404744	1.68547529723
alpha_rarefaction_10_7.txt	10	7	2.92192809489	3.12192809489	2.84643934467	3.32192809489	2.04643934467	1.77095059445	3.12192809489	2.92192809489	2.52192809489	2.64643934467	1.35677964945	1.89546184424	1.57095059445	1.96096404744	1.68547529723	1.84643934467	1.89546184424	2.32192809489
alpha_rarefaction_10_8.txt	10	8	2.44643934467	2.92192809489	3.12192809489	2.37095059445	2.52192809489	1.57095059445	2.72192809489	2.64643934467	2.72192809489	2.92192809489	2.12192809489	1.96096404744	1.72192809489	2.84643934467	2.24643934467	1.96096404744	1.57095059445	1.97095059445
alpha_rarefaction_10_9.txt	10	9	2.16096404744	2.64643934467	2.84643934467	1.84643934467	2.92192809489	2.12192809489	2.84643934467	2.92192809489	2.64643934467	2.92192809489	2.64643934467	1.76096404744	2.17095059445	2.32192809489	1.84643934467	1.77095059445	1.76096404744	2.32192809489
alpha_rarefaction_1289_0.txt	1289	0	4.20480588473	5.14827507124	4.38315501134	4.49687166315	3.66178847819	2.97897432057	4.84090746869	5.01513037487	4.02443870062	4.53156418465	3.87066860801	2.29490137248	2.93351091391	3.75467623494	3.1014401857	2.1605464307	1.97606241687	2.80202929718
alpha_rarefaction_1289_1.txt	1289	1	4.1581226369	5.22943041887	4.42968415975	4.46881536721	3.60539947397	3.03537908282	4.81391952396	5.01627228839	3.88631378042	4.57542744068	3.6776806655	2.28008257315	2.90843560999	3.69798699652	2.94121708815	2.09268095072	1.99968438541	2.76425355425
alpha_rarefaction_1289_2.txt	1289	2	4.11719448781	5.32344967317	4.36694938065	4.49989347137	3.60521844449	3.08577012922	4.7434580417	4.93792718519	4.07132320771	4.51519615742	3.65687017901	2.15162899799	2.87597679092	3.79002099984	3.0147984555	2.10416429623	2.05118940182	2.80459725575
alpha_rarefaction_1289_3.txt	1289	3	4.25255752265	5.23766896149	4.34035005651	4.46054934147	3.55523422801	2.94799316828	4.89667452304	4.9599381029	3.96455135188	4.56295628688	3.69790008133	2.18762304826	2.82550507368	3.79103649849	3.05915831215	2.10155549214	2.0217261663	2.94967147891
alpha_rarefaction_1289_4.txt	1289	4	4.1695809721	5.29982131477	4.39309303716	4.52824315853	3.58302814713	3.10514006047	4.7201198201	4.98495530674	4.01613735843	4.5215516564	3.57608467457	2.20860994194	2.95160418195	3.6896020591	2.93603477078	2.09607306297	1.9955221369	2.82331590248
alpha_rarefaction_1289_5.txt	1289	5	4.07079622382	5.29284249402	4.43658790483	4.48662808676	3.65915884676	3.06805598197	4.7457316755	5.05979614929	3.92836656852	4.39183039861	3.77851140393	2.22005814095	2.9556824596	3.73099176182	3.01118038098	2.19226265545	2.0122476493	2.81840266837
alpha_rarefaction_1289_6.txt	1289	6	4.17118471902	5.20367050637	4.37605436417	4.37502555874	3.66937826527	2.93446986449	4.64292043626	5.07678281577	3.98913016519	4.61142191877	3.76211842991	2.15983199852	2.97289388942	3.72924318616	3.08352247226	2.20114439692	2.04085465548	2.91436470584
alpha_rarefaction_1289_7.txt	1289	7	4.17302883798	5.23495198225	4.38816016258	4.43918291968	3.74270322861	3.05389786615	4.86036105969	4.99996734127	4.06412754757	4.35132383974	3.73100258132	2.18584534829	2.90754763975	3.65792306387	3.06707526766	2.17681948113	2.02609378934	2.86792516296
alpha_rarefaction_1289_8.txt	1289	8	4.2246569245	5.25471606353	4.40927436606	4.44133248386	3.49861611	3.02509611401	4.7211650024	4.94996310529	4.08070062572	4.62146845625	3.65680335839	2.1840182523	3.02064735512	3.76010578738	2.97772349071	2.12706106096	1.98405324642	2.74598731862
alpha_rarefaction_1289_9.txt	1289	9	4.28681386675	5.18535309757	4.39784280711	4.51087203965	3.61348050618	3.03275736	4.8835304295	5.0562837425	4.06724472179	4.4202189258	3.66554685549	2.25363843359	2.98297274415	3.67915399632	2.96287358356	2.14295440626	2.00897298434	2.9078355936
alpha_rarefaction_2568_0.txt	2568	0	4.18035186588	5.30987496849	4.45293163545	4.49265487009	3.6232946526	3.03767177067	4.90194265211	5.10689669154	3.9844748492	4.51644725697	3.74143386005	2.15595224728	2.92382360357	3.69932328262	3.08240189508	2.17573197931	2.00581528797	2.94015536814
alpha_rarefaction_2568_1.txt	2568	1	4.22097575496	5.33882186231	4.3869266235	4.57382773144	3.62036543659	3.06699295806	4.78423694153	5.0874194654	4.07293829389	4.51046852598	3.79207893252	2.23810192354	2.94049080716	3.82522332911	3.09373208853	2.15667910175	2.01142321727	2.8069087928
alpha_rarefaction_2568_2.txt	2568	2	4.14899709402	5.22648914545	4.45323057198	4.44215685092	3.62449558831	2.99361192713	4.76457233699	4.99836661594	3.99232503939	4.52610097409	3.65672915394	2.2191766763	2.8367906827	3.72068891995	3.09074432741	2.16912919702	2.01119509006	2.9184623753
alpha_rarefaction_2568_3.txt	2568	3	4.25387529262	5.33154452411	4.43876941219	4.56499492423	3.70492467397	2.9598398433	4.86388354265	5.13613504741	4.0301319333	4.56869692262	3.82782375658	2.2498344228	2.96557415066	3.72205134894	3.09964085635	2.10871293957	1.99514895902	2.91852584399
alpha_rarefaction_2568_4.txt	2568	4	4.23291711161	5.29607336671	4.42370549595	4.47794204617	3.663667799	2.94597560211	4.85747716142	5.02500400417	4.02920068171	4.40409318374	3.78530311791	2.26720420069	2.92780929882	3.77848828561	3.07765179797	2.1573408222	2.00049093719	2.90278288371
alpha_rarefaction_2568_5.txt	2568	5	4.26923364021	5.23126814574	4.48498668218	4.53363042635	3.66625280925	3.08332741375	4.86348428657	5.0165339475	4.01774919644	4.60340877598	3.77882645515	2.21884430114	2.87513736946	3.73856731851	3.04547908963	2.19303365718	2.04061908463	2.82948917114
alpha_rarefaction_2568_6.txt	2568	6	4.29413745849	5.29066459501	4.42714816617	4.53086355813	3.69171728545	2.97596932527	4.89302362545	5.03957865821	4.08211012078	4.55042296468	3.77296301459	2.20199893186	2.86839698427	3.78912249465	3.07188135432	2.12284137543	2.02466484484	2.89251752527
alpha_rarefaction_2568_7.txt	2568	7	4.1969806329	5.38719074742	4.43943838514	4.51573572021	3.67476335396	3.06272837513	4.93330716037	5.08379736657	3.91786630741	4.59578256516	3.73405233304	2.24918785986	2.90103426851	3.77041413397	3.09715344019	2.11187538772	2.01733811453	2.91218667268
alpha_rarefaction_2568_8.txt	2568	8	4.15939871189	5.22924805188	4.37903813608	4.53472940333	3.70219292357	3.0385599475	4.81814612413	5.01118363649	4.02461920298	4.60819722415	3.81293850196	2.26270897987	2.86252109763	3.76297948877	3.09469687477	2.12985761167	2.02478386445	2.89891304884
alpha_rarefaction_2568_9.txt	2568	9	4.31129598156	5.27226968473	4.49806681753	4.51832383875	3.64409488825	2.99904679689	4.82168641895	5.08394255853	4.06148718529	4.53862525183	3.75790717757	2.29253010484	2.87584691003	3.78887948068	3.08152358678	2.18164569647	2.02094082948	2.89714848197
alpha_rarefaction_3847_0.txt	3847	0	4.32106799349	5.3365331733	4.49132619821	4.49098558216	3.65081944729	3.07619728478	4.8587761377	5.06663549264	4.06264174594	4.60055914149	3.74787648653	2.22995586649	2.88037085844	3.75351415085	3.11936885323	2.18402510296	2.03229489332	2.91480741684
alpha_rarefaction_3847_1.txt	3847	1	4.19028813781	5.31041275027	4.38773267479	4.48416457292	3.68518368176	3.02071099499	4.8556788729	5.03896308811	4.05693639745	4.57060775816	3.73207746371	2.24076148825	2.91677368154	3.7574183661	3.08214140456	2.19822855166	2.01069030152	2.92120414257
alpha_rarefaction_3847_2.txt	3847	2	4.23007304899	5.33789647566	4.4237512232	4.49297760715	3.70870360247	3.00911713972	4.87897948111	5.11585446109	4.01178295878	4.48861755794	3.79698050605	2.25423540222	2.92234736349	3.74209040253	3.04684717018	2.10796101858	1.99966078537	2.92525718274
alpha_rarefaction_3847_3.txt	3847	3	4.24102063509	5.30112321391	4.44035066721	4.51281909405	3.61658427119	3.01402785921	4.8594845632	5.01996898874	4.01013296354	4.50245139796	3.81437966209	2.26801859441	2.96004771421	3.82112746626	3.1646624975	2.13708523543	2.03325179256	2.90515966497
alpha_rarefaction_3847_4.txt	3847	4	4.22653886973	5.33638262231	4.43100839016	4.53740571917	3.69734393878	3.05071718498	4.90524359007	5.03954192908	4.03020221388	4.53603099909	3.78527979316	2.272010177	2.95095564429	3.83138592624	3.09825840083	2.19425134877	2.02850786426	2.88525839964
alpha_rarefaction_3847_5.txt	3847	5	4.23367439105	5.35151035708	4.406916557	4.50402241224	3.67233088398	3.02113680643	4.955707632	5.06836669501	4.0210951034	4.59069031891	3.75525967909	2.25483686257	2.94186908977	3.74611119754	3.1271328136	2.16605283828	1.99705978693	2.89677504599
alpha_rarefaction_3847_6.txt	3847	6	4.28494266013	5.29829589809	4.46106723899	4.4937995428	3.65978517458	3.06893026198	4.88634715736	5.0490536671	4.07758986088	4.66205608503	3.74966942429	2.24858773335	2.97212055682	3.75630166618	3.10015496531	2.17016984999	2.02735633827	2.88434178617
alpha_rarefaction_3847_7.txt	3847	7	4.24157494276	5.28910238446	4.46849136076	4.49849523811	3.65670896787	3.0683595342	4.93257827424	5.05105154242	4.07691047749	4.5514526199	3.76276463034	2.22410356297	2.9323017851	3.76082945732	3.09415462516	2.17514539118	2.01790823568	2.82367323733
alpha_rarefaction_3847_8.txt	3847	8	4.27388839716	5.29505081855	4.39804314002	4.52750028461	3.70495271809	3.03689551799	4.90827285941	5.07243454559	4.00064844614	4.57683204627	3.69259898494	2.19789577507	2.83935529597	3.8200257839	3.15181519094	2.17794863185	2.05447571934	2.89797500724
alpha_rarefaction_3847_9.txt	3847	9	4.25029249936	5.33734192863	4.46125004515	4.5184555947	3.68143200244	2.99395994397	4.89442082015	5.04189308559	4.07626315459	4.49067924524	3.84296538807	2.23484490274	2.93807560525	3.77018786508	3.12430694173	2.1824744626	2.02794238632	2.88725586781
alpha_rarefaction_5126_0.txt	5126	0	4.26710607378	5.32272393054	4.44409693093	4.51862951317	3.64439059598	2.98636479306	4.88817640126	5.11587924671	4.06086803587	4.58140352557	3.81484433485	2.21460922604	2.95031366474	3.73405263868	3.08664957101	2.11630630664	1.99682101264	2.92194686441
alpha_rarefaction_5126_1.txt	5126	1	4.22778239519	5.30595263578	4.44509269294	4.52801709977	3.69922497682	3.07694098868	4.90046096456	5.10152999158	4.01286042842	4.52922285389	3.74098487947	2.25370829123	2.9248634765	3.74917234295	3.04519360431	2.16938003171	2.01472544489	2.93066034052
alpha_rarefaction_5126_2.txt	5126	2	4.22888595199	5.33097646352	4.43120036673	4.51797682306	3.67855574198	3.043360118	4.86814626665	5.08924259258	4.02983203665	4.61304817315	3.74904333095	2.24003806313	2.93451861194	3.77570165921	3.12517322996	2.13616362986	2.02710160466	2.88860583229
alpha_rarefaction_5126_3.txt	5126	3	4.23378847053	5.34757506315	4.42909097442	4.45676979272	3.65635418558	3.06757575157	4.91886765146	5.06382326575	4.01179149508	4.62217225136	3.76473849523	2.22739540623	2.95331215453	3.82153387672	3.09667796874	2.15573647452	2.01723518016	2.90267524966
alpha_rarefaction_5126_4.txt	5126	4	4.22727505471	5.32336062493	4.48192293836	4.52976867503	3.66122370825	3.06097204002	4.89075604843	5.09112008878	4.09286934972	4.55466378554	3.75390852375	2.23204989122	2.96409064299	3.82430499825	3.06773015226	2.13047273025	2.02287371413	2.88713617805
alpha_rarefaction_5126_5.txt	5126	5	4.30917651132	5.32437231096	4.4339217869	4.52077477026	3.63103518281	3.03922134	4.90962798621	5.09263860416	4.0190695882	4.58495404675	3.7153248382	2.2731360395	2.8773878477	3.83945051765	3.06929219626	2.23208355933	2.00610646554	2.89854551454
alpha_rarefaction_5126_6.txt	5126	6	4.25320575498	5.27013000476	4.45871106645	4.5245223331	3.66299642576	3.01291476847	4.93313930405	5.0588540203	4.00217062094	4.62701951464	3.68542678133	2.22742229362	2.93310961317	3.78212503958	3.0662780359	2.15104509479	2.01767851773	2.84037517848
alpha_rarefaction_5126_7.txt	5126	7	4.21931386603	5.33618016251	4.46468041218	4.4943713893	3.71058874823	3.06846645675	4.85377462192	5.04977171811	4.04061383061	4.57970624659	3.7637644753	2.23282964707	2.91622215904	3.77593643347	3.12118469052	2.1354358671	2.00527191591	2.90618255743
alpha_rarefaction_5126_8.txt	5126	8	4.27755240931	5.28973457377	4.41779005324	4.52225486002	3.65346614667	3.00496475686	4.92057144437	5.09434233342	4.04515660186	4.54203017017	3.74630336739	2.25054703423	3.00347493065	3.76778257727	3.10277522865	2.1519512577	2.01807942095	2.86268581899
alpha_rarefaction_5126_9.txt	5126	9	4.23160052103	5.28536035284	4.45296045909	4.52375306027	3.69685655848	3.0871545988	4.8454596708	5.06467448466	4.02484897987	4.55523364847	3.77662992957	2.20501857057	2.93279166028	3.79412817086	3.15561966899	2.15895652785	2.01706185279	2.89708652824
alpha_rarefaction_6405_0.txt	6405	0	4.27365023378	5.37524313177	4.45903693502	4.49052060617	3.65043732787	3.10763443744	4.94301994319	5.12337197072	4.04722565982	4.57459820218	3.76220574793	2.21780351324	2.91159031568	3.80504041812	3.06292113884	2.16557830436	2.02704531114	2.91070777171
alpha_rarefaction_6405_1.txt	6405	1	4.23346560701	5.31557033477	4.45162064171	4.53314317289	3.69816902934	3.07093304565	4.89123916869	5.09873675781	4.09758282488	4.58866874063	3.71320028858	2.24283245934	2.94985667217	3.81000479582	3.07056812758	2.1644669263	2.0179422374	2.90473674719
alpha_rarefaction_6405_2.txt	6405	2	4.25511461248	5.34074003429	4.49142504228	4.51785608672	3.64350082211	3.06641027656	4.91541535782	5.12158145678	4.08344062645	4.5854776528	3.77797935606	2.23635170378	2.95833730472	3.78366890904	3.19253171783	2.17402067452	2.02114204731	2.90434657883
alpha_rarefaction_6405_3.txt	6405	3	4.24860146106	5.30902116284	4.49828163325	4.4879338174	3.70838228624	3.04838197751	4.89685168739	5.10052117432	4.05480277786	4.57933209079	3.79785264652	2.26700345142	2.99643142927	3.7753329672	3.08390745216	2.15356937542	2.01598387776	2.90259332929
alpha_rarefaction_6405_4.txt	6405	4	4.21142000712	5.30453557927	4.4516109961	4.54238724068	3.66697054319	3.05153714869	4.90649784333	5.05799007683	4.04399980091	4.62067817117	3.76516687685	2.23959070523	2.9255056618	3.80642524985	3.07619049141	2.17883810087	2.02010428194	2.90396412125
alpha_rarefaction_6405_5.txt	6405	5	4.27843419472	5.35620751638	4.46829835573	4.5124961143	3.67471746121	3.04304104355	4.90017796476	5.08627361503	4.03604993817	4.57800156937	3.77721888308	2.26186947104	2.94597205036	3.72769596706	3.11973949145	2.1760017895	2.010968797	2.8972081392
alpha_rarefaction_6405_6.txt	6405	6	4.2834600167	5.32530648127	4.46066880193	4.51172137993	3.67110954948	3.03255989536	4.90820285612	5.11949795106	4.04317403976	4.59627426552	3.699051635	2.22511030181	2.92069800934	3.77226416739	3.13678235649	2.14069482314	2.00874757878	2.91278323232
alpha_rarefaction_6405_7.txt	6405	7	4.25177362851	5.32224345387	4.43969293734	4.53306441773	3.63987158413	3.06843817432	4.86741978759	5.06300229029	4.03912530808	4.58439639428	3.77263177703	2.23802576291	2.95178454576	3.81618245471	3.10710396602	2.15268353	2.02812883121	2.9394000341
alpha_rarefaction_6405_8.txt	6405	8	4.2673950138	5.31128940744	4.49170757064	4.53989367577	3.69379752052	3.01815433386	4.85393795141	5.05806693626	4.05548805535	4.52387706353	3.79634457211	2.24245716487	2.92195650488	3.81970480427	3.13634499148	2.17591238638	2.04436612901	2.92647001898
alpha_rarefaction_6405_9.txt	6405	9	4.21733777114	5.37456087694	4.47274842698	4.50044510984	3.67885065728	3.03645887074	4.8859714292	5.07319932745	4.08405060154	4.57461863549	3.78513489557	2.25366484449	2.91356162086	3.79559943275	3.12271363371	2.17972937012	2.02176881822	2.86943872895
alpha_rarefaction_7684_0.txt	7684	0	4.27802522913	5.297575048	4.48715939108	4.54441980893	3.65704575737	3.03571842485	4.8908749277	5.10875033612	4.0245112173	4.58480244024	3.84962981819	2.26447661913	2.95061232876	3.76895666133	3.09518792634	2.14557266777	2.03131135341	2.91432135126
alpha_rarefaction_7684_1.txt	7684	1	4.26848219577	5.34903808886	4.45773844304	4.5073909849	3.69000049398	3.08235687167	4.9475767954	5.15096619768	4.05301324694	4.63658019263	3.76869298124	2.25514031359	2.97192055344	3.81166822741	3.08580000374	2.15649148813	2.01331382567	2.90489979016
alpha_rarefaction_7684_2.txt	7684	2	4.25772663661	5.31598022333	4.45176684158	4.54123109446	3.66752260306	3.04063252779	4.89165232518	5.09223600029	4.04235538998	4.55250349433	3.79308299302	2.24247788203	2.927886363	3.78246058959	3.14406195933	2.14815061729	2.02367138287	2.92048728462
alpha_rarefaction_7684_3.txt	7684	3	4.21359497817	5.32231747678	4.4532997289	4.51899657906	3.69327598656	3.02320036898	4.9206090179	5.05712755622	4.04187408138	4.58735823904	3.74202764582	2.2348340364	2.95379558887	3.76547014218	3.13712570634	2.14484651079	2.00928896739	2.91794711303
alpha_rarefaction_7684_4.txt	7684	4	4.29213329531	5.32600728289	4.45942626877	4.53225763505	3.69844287105	3.04118860411	4.87751033875	5.10138893276	4.07431594794	4.53270125386	3.72588635092	2.24812619394	2.95499201067	3.77565153272	3.07484700786	2.17465428396	2.02045790197	2.91044085286
alpha_rarefaction_7684_5.txt	7684	5	4.26221989937	5.34981202283	4.45641296758	4.48619970361	3.69900700521	3.06864591437	4.88510117959	5.06948159607	4.04763023865	4.54876054514	3.76190581997	2.26009187433	2.90791251967	3.80429587267	3.10698818816	2.14790231726	2.03114255418	2.9122868619
alpha_rarefaction_7684_6.txt	7684	6	4.30096623417	5.36034460385	4.46226776191	4.53018512928	3.66248438592	3.0381942286	4.91281586324	5.11953283622	4.03872192594	4.58046438681	3.76813353645	2.2730705346	2.9590995828	3.75382217893	3.10885886859	2.14395408083	1.99695858042	2.89883733917
alpha_rarefaction_7684_7.txt	7684	7	4.24628572341	5.33328509764	4.46405023237	4.52132288913	3.67070491165	3.00237481341	4.897852703	5.13797989898	4.06806211814	4.60479927812	3.76267993175	2.24196109317	2.9179590017	3.8286831443	3.09677714093	2.15151865942	2.01428851821	2.92724685573
alpha_rarefaction_7684_8.txt	7684	8	4.29607200142	5.35163241719	4.50163705534	4.50903933919	3.67632578857	3.03865018487	4.88679428795	5.06978781605	4.06213653049	4.58791951168	3.73836299031	2.25912559323	2.95538449168	3.78891880894	3.11769006068	2.17820263962	2.02317657327	2.87561927428
alpha_rarefaction_7684_9.txt	7684	9	4.28395584882	5.34526727407	4.49921847772	4.5519672657	3.67149628553	3.06085598455	4.93482507262	5.0794877875	4.03332960625	4.56509847513	3.76348728692	2.25719826028	2.94124323227	3.79340562615	3.09913118347	2.1488696758	2.01999781253	2.92970222003
alpha_rarefaction_8963_0.txt	8963	0	4.25419889358	5.34494396749	4.44962267586	4.48843425623	3.67420263206	3.07301241878	4.91500801676	5.11715380167	4.05821727321	4.59318885994	3.78032178244	2.22461174748	2.96031064001	3.78296664489	3.11437129651	2.14863281742	2.03205675773	2.91728340306
alpha_rarefaction_8963_1.txt	8963	1	4.26670906678	5.32304051968	4.45590359995	4.52344891368	3.65699697646	3.04498535476	4.90866932137	5.11643341594	4.07101396221	4.61451419497	3.77246099998	2.23321376726	2.95771097249	3.79952032896	3.10169064073	2.17823161718	2.02218177978	2.87360364927
alpha_rarefaction_8963_2.txt	8963	2	4.24298618671	5.340507477	4.47849205047	4.50380953967	3.67250865839	3.07105982091	4.89066634407	5.10258258399	4.04841256518	4.62878935275	3.79918944378	2.26346348417	2.94460874869	3.78781748949	3.10856204583	2.16003962345	2.02118542097	2.91020239948
alpha_rarefaction_8963_3.txt	8963	3	4.23484500124	5.34666322255	4.46726070804	4.51232773252	3.692160602	3.05662068362	4.92325567892	5.0956823383	4.01720305413	4.61355546006	3.80052345155	2.24179139994	2.92944381307	3.78771312326	3.08376467519	2.17227857311	2.02281591656	2.90288669862
alpha_rarefaction_8963_4.txt	8963	4	4.29498092354	5.33893964084	4.46262536526	4.53172987879	3.64724021532	3.04785706312	4.90308487449	5.10345905503	4.0475960252	4.56913389761	3.75461556533	2.25600699387	2.94113152262	3.76341746796	3.12212494467	2.16219167939	2.0027336579	2.92789570582
alpha_rarefaction_8963_5.txt	8963	5	4.2281500536	5.3428337472	4.48380262318	4.51786816166	3.65890821653	3.05566128325	4.91576834552	5.11323370514	4.04986621947	4.56177735423	3.76429184639	2.25615416504	2.96066447149	3.78309463074	3.11459130949	2.15608886232	2.01490082435	2.92255138416
alpha_rarefaction_8963_6.txt	8963	6	4.27617449659	5.32052515641	4.47331441634	4.51657291827	3.66655534119	3.01265741832	4.89304861367	5.09599752244	4.05878170002	4.61689412415	3.76025917039	2.24886374356	2.9593770186	3.78340576451	3.13004631966	2.13983719727	2.01840755025	2.91636340889
alpha_rarefaction_8963_7.txt	8963	7	4.28141712077	5.34768829868	4.43497398517	4.49619471148	3.68979216494	3.07628713331	4.91260324749	5.13971615646	4.06620029495	4.59808598455	3.75985123623	2.22772074493	2.91807164289	3.74369976591	3.11068872446	2.15172684692	2.01239899858	2.90692285011
alpha_rarefaction_8963_8.txt	8963	8	4.30314283808	5.34078916803	4.46038408415	4.53871386346	3.71482456346	3.07740027377	4.89774778452	5.0770904339	4.05486676724	4.59501675877	3.78937163017	2.23600394987	2.92779278091	3.76038347482	3.11549817306	2.14152652391	2.01974736165	2.93206541603
alpha_rarefaction_8963_9.txt	8963	9	4.26434567272	5.34780966428	4.48306120866	4.52348402335	3.67316583029	3.06085844973	4.90398167271	5.09771779382	4.07599144475	4.61606658245	3.79341110907	2.23914532497	2.92475262696	3.78485489419	3.11660750609	2.16222295611	2.016522931	2.91442895494
alpha_rarefaction_10242_0.txt	10242	0	4.24766865362	5.35073566981	4.44945230583	4.51111649796	3.68470654665	3.04811329895	4.8945905397	5.08036388228	4.07041911431	4.57791136	3.73275743205	2.27216983577	2.96469940856	3.80933247139	3.09599031239	2.19305570404	2.03039599068	2.91549756866
alpha_rarefaction_10242_1.txt	10242	1	4.27629937707	5.32974938408	4.46669198756	4.5134714408	3.68136073675	3.04752704329	4.91945119565	5.11890434041	4.05275702422	4.59768568936	3.77208717241	2.23949957309	2.94096359952	3.76348048894	3.12241206444	2.16692268994	2.01671279265	2.92489473525
alpha_rarefaction_10242_2.txt	10242	2	4.26820813856	5.34219255862	4.45585139983	4.50988546567	3.69758146087	3.04532904002	4.8950918434	5.0810134019	4.0312246905	4.61368176945	3.73689959856	2.24472210032	2.95579601001	3.79201700296	3.09658408644	2.17360037099	2.0197166022	2.89605088296
alpha_rarefaction_10242_3.txt	10242	3	4.25759496894	5.34424121604	4.43389736661	4.49320527313	3.68114106116	3.03775521662	4.90579712581	5.10105449457	4.0350841458	4.62064790928	3.76298834435	2.25530640122	2.94245493515	3.78487205458	3.09392420952	2.17011344305	2.00917129965	2.92381972896
alpha_rarefaction_10242_4.txt	10242	4	4.24343694974	5.35681446856	4.45266402397	4.51513137478	3.68004587694	3.0727413332	4.88602092539	5.12231503956	4.07946506268	4.59622272593	3.78178792881	2.23826764736	2.95734842577	3.79577109907	3.11451632125	2.15389308698	2.02423064008	2.93384244373
alpha_rarefaction_10242_5.txt	10242	5	4.25226055729	5.34319154198	4.47457735463	4.51789208473	3.68328744433	3.05367025235	4.909029731	5.08945451527	4.03746797432	4.57771191066	3.78391904144	2.24632016489	2.97286080475	3.78925072914	3.08385450478	2.16698487367	2.01805130082	2.92967294359
alpha_rarefaction_10242_6.txt	10242	6	4.27335332225	5.32813913184	4.4556816066	4.50681970366	3.68979910283	3.03875625116	4.93669999663	5.13339704592	4.05850402119	4.6055941684	3.7668965469	2.23028845439	2.91703075604	3.79479770076	3.11137279387	2.17494620408	2.02777565192	2.9257413061
alpha_rarefaction_10242_7.txt	10242	7	4.24737733747	5.35174651847	4.46962820049	4.52576162289	3.6740576781	3.05058849982	4.95179088006	5.10312098617	4.06074922573	4.526570249	3.80862582044	2.22306263773	2.93295355773	3.81457022897	3.0788413773	2.17652701067	2.03322142884	2.92959551884
alpha_rarefaction_10242_8.txt	10242	8	4.25755688883	5.35019898505	4.44853536413	4.52254921405	3.68195873574	3.07051968119	4.91596349017	5.12268681398	4.04299854073	4.57709978166	3.785512907	2.24288673312	2.94546690529	3.78791178705	3.12247695786	2.1696656549	2.00654127733	2.89177358605
alpha_rarefaction_10242_9.txt	10242	9	4.25778769033	5.34934356008	4.44662837672	4.51686507167	3.6811116845	3.04843980492	4.92884328005	5.11775510511	4.05660306583	4.59335840654	3.79673996456	2.26027544582	2.95982310854	3.78015380053	3.09273320361	2.17685632445	2.03526456382	2.89220855903
alpha_rarefaction_11521_0.txt	11521	0	4.23332291344	5.34677161021	4.46471485153	4.52647933186	3.68923486824	3.06132115266	4.93496772433	5.09534319534	4.04763398704	4.58778883105	3.78288545837	2.25988714629	2.96253868033	3.77337952239	3.09641408284	2.1431935638	2.03128467551	2.90901150122
alpha_rarefaction_11521_1.txt	11521	1	4.24301987774	5.37226351455	4.47123341502	4.5198040997	3.67425077205	3.0637801641	4.91349966378	5.09270196715	4.04561070175	4.58914108897	3.77292515656	2.23828998215	2.93752009598	3.80295812333	3.10119444611	2.16166598683	2.02193476117	2.9265913898
alpha_rarefaction_11521_2.txt	11521	2	4.25289872868	5.34606791547	4.48305848564	4.50596115397	3.68069311037	3.04951246809	4.93158646101	5.09528092275	4.0473444147	4.58404529412	3.78636783913	2.24053170833	2.93939190826	3.7769001585	3.11606040055	2.15931725376	2.02335582713	2.92767231939
alpha_rarefaction_11521_3.txt	11521	3	4.23334194541	5.33582105767	4.45545618952	4.52072649122	3.67469033323	3.02821381182	4.9043104681	5.12063403862	4.05815604205	4.54909883259	3.8310369964	2.26746090159	2.95270022821	3.76939520671	3.12894354602	2.16890205995	2.00090509556	2.92558804131
alpha_rarefaction_11521_4.txt	11521	4	4.23129147718	5.33044402661	4.45335206896	4.5128805202	3.68653807892	3.01700101697	4.91759737304	5.11167626161	4.04963631923	4.58014711314	3.80238585983	2.24442868713	2.95747373549	3.80360846143	3.098042727	2.18628151149	2.01894583377	2.93023620876
alpha_rarefaction_11521_5.txt	11521	5	4.23359828477	5.32570690655	4.45635020768	4.5222490279	3.66395380249	3.06231642784	4.903803638	5.12133496306	4.05226820105	4.59225823242	3.79178276935	2.24340816148	2.97507709539	3.80004635408	3.11746326579	2.16553631782	2.02388969464	2.89771347192
alpha_rarefaction_11521_6.txt	11521	6	4.26660229368	5.3328958232	4.44412944764	4.53005079848	3.67743615582	3.04353483714	4.91930728699	5.14744384422	4.05219712952	4.56746068063	3.79061712052	2.25002041697	2.94025477361	3.83081220473	3.11035098711	2.14906457754	2.02720803737	2.92189660948
alpha_rarefaction_11521_7.txt	11521	7	4.26267830028	5.33935131502	4.44592718587	4.5231511401	3.67730589949	3.03656943042	4.93517366886	5.09636274468	4.07096481525	4.57644208722	3.78962368119	2.25126034732	2.94453444747	3.80807602822	3.12199741327	2.13796932189	2.01328321369	2.90225709496
alpha_rarefaction_11521_8.txt	11521	8	4.26272586791	5.32622631231	4.43945924976	4.5396138086	3.68484908183	3.06593518982	4.91089433984	5.10553990129	4.0615373121	4.57823400384	3.80587759901	2.25953474863	2.95870908153	3.80344173108	3.08655627991	2.15971884283	2.01434658378	2.92484426779
alpha_rarefaction_11521_9.txt	11521	9	4.28465508361	5.35262751892	4.44748313758	4.51132574517	3.68711854112	3.0311588504	4.94261715641	5.07611220732	4.0600382525	4.58605612458	3.77083806988	2.28222661791	2.9730942078	3.78138544675	3.13514449099	2.18074497542	2.01420531883	2.91076413507
alpha_rarefaction_12800_0.txt	12800	0	4.25134870902	5.34052799929	4.45028650086	4.50273902574	3.68234771276	3.07302120874	4.91430648179	5.12081481942	4.03407013437	4.5862611994	3.79269862657	2.26214402848	2.92293467665	3.79993270078	3.12652559463	2.16231759912	2.02491080381	2.92022243806
alpha_rarefaction_12800_1.txt	12800	1	4.25590042411	5.3320582276	4.47213659296	4.50601620292	3.68227603123	3.05652439106	4.92457904137	5.09935290341	4.04543207837	4.57106084901	3.79655296096	2.2616435394	2.95813595798	3.80086829733	3.10202719515	2.16522090875	2.0395453568	2.92322757951
alpha_rarefaction_12800_2.txt	12800	2	4.2589721992	5.36374361276	4.47330826416	4.51409995766	3.68281074092	3.05019773049	4.91384332775	5.11693177942	4.07219118845	4.5909289132	3.77546690413	2.24673736775	2.94341836544	3.78998514933	3.12416740405	2.15678412966	2.02364148787	2.91926263563
alpha_rarefaction_12800_3.txt	12800	3	4.27057239433	5.31494654595	4.44322953642	4.530986872	3.68325987534	3.02621045249	4.94323356939	5.09095564271	4.05517508577	4.60676721175	3.81529313961	2.24676887931	2.95210651904	3.76226692221	3.09888933175	2.17230944021	2.01925154689	2.92516553545
alpha_rarefaction_12800_4.txt	12800	4	4.24698886653	5.35520208091	4.44700145217	4.50871161722	3.68274006799	3.07963118886	4.89979315215	5.09274666729	4.06735973025	4.60073259366	3.77488462979	2.24913854312	2.93022663537	3.79449479842	3.11835594573	2.16788990201	2.01985235491	2.91053136559
alpha_rarefaction_12800_5.txt	12800	5	4.2734588871	5.34902099265	4.45713615307	4.52482770558	3.68301824007	3.0219640717	4.92359948809	5.10453855008	4.043210285	4.56598316126	3.777696807	2.24322024806	2.97036336002	3.78678634712	3.08404141892	2.16237905218	2.01624216496	2.90656144566
alpha_rarefaction_12800_6.txt	12800	6	4.26086799512	5.34665424926	4.46305472002	4.5039846675	3.68231098586	3.01706721739	4.94220217591	5.10855525722	4.04888393791	4.57991093891	3.77569045379	2.23906895852	2.94211101357	3.77692041642	3.08515834099	2.14088271936	2.01696909398	2.91525912543
alpha_rarefaction_12800_7.txt	12800	7	4.27453753581	5.34214868663	4.48670892129	4.53454582997	3.68270694652	3.09012080518	4.93525056982	5.07612781991	4.05132052652	4.5950190464	3.77011242122	2.242444348	2.92797545441	3.78049655375	3.10667826356	2.1554859939	2.02363501511	2.91341435609
alpha_rarefaction_12800_8.txt	12800	8	4.28900584296	5.34301583933	4.47501042954	4.51106011003	3.68308774088	3.05093569845	4.94282154455	5.11929184624	4.05637120343	4.59555823519	3.79678208212	2.23758234067	2.9414077416	3.77948662827	3.10606044016	2.17072072362	2.02152793724	2.91640389044
alpha_rarefaction_12800_9.txt	12800	9	4.26670805245	5.33016152575	4.46739079261	4.5158437097	3.68251186565	3.0610648789	4.90789071537	5.08873328426	4.07641478705	4.60894310797	3.79147418286	2.25525663553	2.97532322341	3.79189095089	3.11729164217	2.16189508725	2.01580078017	2.92734932617