Eigvals	6
1.00775513576	0.0645015970282	0.0214135795454	2.92843920042e-05	0.0	0.0

Proportion explained	6
0.921418585851	0.0589756064838	0.0195790321305	2.67755351578e-05	0.0	0.0

Species	0	0

Site	6	6
D1af	-0.535583922343	-0.0539323487338	0.0950806719513	-0.000260728482889	-0.0	0.0
D3af	-0.538754053401	0.0339327985691	-0.104021908097	0.00026153027023	-0.0	0.0
D5bf	0.140741662993	0.212037072131	0.0348776688947	9.01228887043e-05	-0.0	0.0
D1bf	0.0279953549407	-0.109464859298	-0.00405711341614	-7.95700727851e-05	-0.0	0.0
C12	0.45333191131	-0.0345756577298	-0.0172809426021	-0.00382231827144	-0.0	0.0
C11	0.4522690465	-0.0479970049389	-0.00459837673068	0.00381096366822	-0.0	0.0

Biplot	0	0

Site constraints	0	0
