Eigvals	6
0.759434432881	0.26588540746	0.067428995639	0.0247573146887	0.00514743864673	0.0

Proportion explained	6
0.676463728534	0.236836554028	0.0600621565555	0.0220524968025	0.00458506408007	0.0

Species	0	0

Site	6	6
D1af	-0.385005589475	0.162324826232	0.144906475452	-0.0454066498199	-0.0272598337043	-0.0
D3af	-0.431698333336	0.0498329630772	-0.1962096859	0.00971707952764	-0.00444419985103	-0.0
D5bf	-0.126292100342	-0.444761810604	0.0536883079402	0.0192041267063	0.00742432750514	-0.0
D1bf	0.0410114728784	0.190284805594	0.0527347459829	0.0515273926242	0.0530360945066	-0.0
C12	0.436466815353	-0.0115199011669	-0.0469297662714	-0.114894711833	0.00910771966592	-0.0
C11	0.465517734922	0.0538391168675	-0.00819007720353	0.0798527627945	-0.0378641081223	-0.0

Biplot	0	0

Site constraints	0	0
