Eigvals	6
0.807197096478	0.280536472965	0.139864121878	0.120943119472	0.0361764301924	0.0

Proportion explained	6
0.582932798543	0.202594771453	0.101005546648	0.087341383419	0.0261254999372	0.0

Species	0	0

Site	6	6
D1af	-0.382577928007	0.21551138013	0.225856977834	0.11663476182	0.0182910693779	-0.0
D3af	-0.387837722164	0.0480798049922	-0.285771788908	0.0614614168954	0.0292325007548	-0.0
D5bf	-0.174799924978	-0.457798422775	0.077996476577	-0.024367976613	-0.000553297541417	-0.0
D1bf	-0.0333000119529	0.14141112407	0.00362733211349	-0.266270160853	-0.0794210610448	-0.0
C12	0.490450495739	0.00628048188556	-0.0315303775165	0.169707091253	-0.102418589948	-0.0
C11	0.488065091363	0.0465156316969	0.00982137989916	-0.0571651325026	0.134869378402	-0.0

Biplot	0	0

Site constraints	0	0
