Eigvals	6
0.93033398743	0.297831435006	0.102505487714	0.00860357914668	7.10794284329e-05	0.0

Proportion explained	6
0.694618333875	0.222370866758	0.0765340104206	0.00642371867842	5.30702681165e-05	0.0

Species	0	0

Site	6	6
D1af	-0.49422290082	0.20618772459	0.0474721323376	-0.0575492380493	0.00122500208369	-0.0
D3af	-0.489466065613	-0.393103679657	-0.00648830030404	0.021495820167	-0.000449803491916	-0.0
D5bf	0.153189554258	0.0817961895111	-0.283722940218	0.0016557522718	3.23624256135e-05	-0.0
D1bf	-0.0819833261568	0.280549105447	0.0873205078804	0.0629230701806	-0.00139199765431	-0.0
C12	0.456281184813	-0.0885544442868	0.0756191133979	-0.0294398303482	-0.00550722076041	-0.0
C11	0.456201553518	-0.0868748956042	0.0797994869063	0.000914425778013	0.00609165739733	-0.0

Biplot	0	0

Site constraints	0	0
