Eigvals	6
1.02418676075	0.15357027019	0.00015656556888	0.0	0.0	0.0

Proportion explained	6
0.869492264786	0.130374817512	0.000132917702405	0.0	0.0	0.0

Species	0	0

Site	6	6
D1af	-0.537968243852	0.172724734136	-0.000196095047837	-0.0	0.0	0.0
D3af	-0.53637125413	-0.271693221706	-9.53615932004e-05	-0.0	0.0	0.0
D5bf	0.22024779338	-0.026345007727	0.00151404861123	-0.0	0.0	0.0
D1bf	-0.0371889389961	0.213017096473	-0.000104968579456	-0.0	0.0	0.0
C12	0.445409450122	-0.045061353127	-0.00932209073796	-0.0	0.0	0.0
C11	0.445871193476	-0.0426422480487	0.00820446734723	-0.0	0.0	0.0

Biplot	0	0

Site constraints	0	0
