Eigvals	6
0.561136828326	0.239710690644	0.204160355413	0.181362337234	0.0793788383283	0.0

Proportion explained	6
0.443323918237	0.189382477241	0.16129607636	0.143284592821	0.0627129353419	0.0

Species	0	0

Site	6	6
D1af	-0.331995882456	0.12739217198	0.30934827948	-0.134348278046	-0.00870233359254	-0.0
D3af	-0.23282109695	0.0931847890661	-0.317085664586	-0.178330470655	0.0509381601514	-0.0
D5bf	-0.263957800754	-0.375068714244	-0.00858889229283	0.14860872669	0.00374497067291	-0.0
D1bf	0.0221404107773	0.258975548101	-0.0470263576847	0.304287244959	-0.0498533391317	-0.0
C12	0.378654684095	-0.0804838310842	-0.0109185949229	-0.129292244168	-0.19067932167	-0.0
C11	0.427979685287	-0.0239999638186	0.0742712300055	-0.0109249787798	0.19455186357	-0.0

Biplot	0	0

Site constraints	0	0
