Eigvals	6
0.14343381238	0.042450024429	0.0126780331584	9.07465559289e-06	0.0	0.0

Proportion explained	6
0.722330311981	0.21377762245	0.0638463657536	4.5699815802e-05	0.0	0.0

Species	0	0

Site	6	6
D1af	-0.142529808397	0.109262188772	0.0153182483507	0.000105357458718	-0.0	0.0
D3af	-0.253771627607	-0.12328874009	-3.0554768307e-05	-1.92895833973e-05	-0.0	0.0
D5bf	0.031961908203	0.0517104540249	-0.0943868346613	-6.12451460366e-05	-0.0	0.0
D1bf	0.026755719643	0.0774834264917	0.0574441773697	-0.000123551537278	-0.0	0.0
C12	0.16909293994	-0.05865039022	0.0111489586157	-0.00207658169971	-0.0	0.0
C11	0.168490868218	-0.0565169389786	0.0105060050936	0.0021753105077	-0.0	0.0

Biplot	0	0

Site constraints	0	0
